-0.6601   1.6403
-0.1983   1.8172
1.0470   0.8245
0.3665   1.1538
1.0251   1.4713
0.2409   1.4605
0.5932   2.2198
-0.1865   0.7262
0.4220   1.4530
0.1844   0.8630
-0.3400   0.5410
0.5908   1.5575
1.0068   0.7789
0.6454   1.3157
0.2461   1.5235
-0.4953   1.3814
1.5058   1.3638
0.3257   0.4624
-1.1130   2.1726
0.3696   1.0556
-0.0100   1.1310
0.6622   1.1371
0.2112   0.4118
-0.0259   1.4983
0.4189   1.5380
-0.3850   2.1942
-0.0081   0.5684
0.0623   1.4452
1.0735   0.6382
0.4869   0.7310
-0.1541   1.7674
-0.3486   1.6453
0.7740   0.8865
-0.6513   1.8493
-0.0428   0.6585
0.1607   1.6787
1.2932   -0.1978
0.4999   1.3414
1.0941   0.6994
0.1009   1.4956
0.1700   1.5714
0.3144   1.6427
1.0321   1.4978
-0.2016   2.4929
-0.4542   1.6244
0.2746   0.2547
0.2854   2.1258
0.4659   1.4230
-0.0026   1.0138
0.6940   0.9258
-0.5310   1.2586
1.0110   1.0646
-0.0165   1.8538
0.3207   2.4576
0.7101   1.5404
-0.2735   1.0061
-0.2097   1.5554
0.6937   1.1889
0.0312   1.3114
1.1306   0.8588
0.1042   1.0810
1.3297   1.4757
0.9590   -0.1625
-0.6034   2.0634
-0.4066   1.5568
1.2764   0.7280
0.2443   2.1709
0.8125   1.6271
1.1913   1.7006
0.7793   0.6808
0.1165   2.4768
-0.1410   0.8770
0.2058   1.7488
0.1241   0.5607
0.3448   1.2470
0.9711   1.2925
0.7512   0.7277
-0.1052   0.5654
0.1460   1.6820
1.0916   0.6782
-0.5686   1.8483
0.4473   0.7659
0.7763   1.0754
0.3949   0.7422
0.6539   1.3951
0.2799   1.3771
-0.0161   0.7797
-0.3267   1.2304
-0.0725   0.5977
0.6099   0.5160
-0.2405   1.2550
1.2247   0.7861
0.0825   1.1830
-0.6718   1.8236
0.3324   1.3299
0.6028   -0.1268
1.0402   -0.4552
0.3997   1.4053
1.3895   0.9417
0.5065   2.1321
0.3849   1.0721
0.2505   1.9034
1.0722   0.9348
0.2512   0.4771
1.9911   0.1826
0.7118   0.6172
0.7856   1.1958
0.6026   1.8034
-0.1016   0.8640
0.1821   0.7724
-0.2941   1.3581
-0.1662   1.6024
0.2057   1.3882
1.0707   0.4760
0.6668   0.3412
0.8425   0.7130
0.6863   1.3855
1.0849   1.0212
0.5949   -0.0533
0.5580   0.9164
1.1647   1.5115
1.7322   0.1759
0.8848   0.9084
-0.1946   1.3812
-0.1469   0.6670
-0.0376   0.6524
0.4559   1.1423
0.6604   1.0645
-0.5803   1.7990
0.4450   0.6353
0.1614   1.1123
0.2945   1.2160
0.4864   1.5594
0.5435   1.5603
0.5285   1.0658
-0.0066   2.0346
0.7214   1.5989
-0.0603   1.4793
1.3337   1.3275
0.2789   1.2417
0.2454   0.6600
0.4560   1.1213
0.5577   1.5195
0.9293   1.0326
0.9828   0.5966
-0.1417   1.9213
0.9150   1.3370
-0.2726   1.2648
-0.1066   0.9728
0.6359   1.0573
0.9458   0.0776
0.6343   1.0620
-1.1173   1.6341
1.9532   0.3189
0.8170   1.4950
-0.0749   1.0011
0.4697   0.5569
1.1574   0.3418
0.0997   0.8767
0.5099   -0.1511
0.7676   1.1584
0.1787   1.9644
-0.5671   0.5206
0.5427   1.3724
1.6531   1.5269
0.5715   0.6585
0.6442   1.6593
0.5408   1.2064
0.6347   1.4339
0.5140   1.2385
0.0039   0.9840
0.5041   0.6218
1.1973   0.7493
0.6514   1.7290
0.0765   0.0198
-0.4898   1.8344
1.4420   1.1466
0.3117   0.8412
-0.0867   1.5786
0.9328   0.7942
-0.4291   1.6015
0.4174   1.5446
0.7345   0.9463
0.9633   1.7063
1.1544   0.3052
0.1129   1.5439
1.3426   2.0229
0.7426   2.5758
-0.7906   1.8382
0.8989   1.1867
0.1242   1.5462
-0.0204   2.3769
0.4930   1.1438
1.2211   1.0249
-0.3394   0.8713
1.2604   -0.2111
1.0745   1.9735
0.3083   0.2376
0.5556   1.1080
1.1905   0.1495
-0.0565   0.9102
0.3475   0.9251
0.4138   0.3502
1.3987   0.7454
0.4602   1.8772
-0.1837   1.5019
0.6855   0.8342
0.8095   1.4023
-0.2987   1.8994
0.1172   2.6018
0.0645   1.0218
0.9096   0.4675
0.2723   0.8225
0.1186   0.6234
0.9349   1.0766
0.8609   1.0056
0.8290   0.7930
-0.4494   1.5291
-0.3311   1.1493
0.3801   0.9030
0.7158   0.8762
-0.4111   1.1701
0.2696   1.5628
-0.4579   1.0246
0.1991   2.1720
-0.0585   1.7754
1.2340   0.5976
1.1651   1.9852
0.8255   1.2500
0.6077   1.0430
0.1104   1.7634
0.5078   0.5167
0.2605   1.6584
0.5863   0.5255
0.8464   0.9962
0.9072   1.4069
0.0624   0.7162
1.2179   0.0626
1.0899   1.1652
0.4775   0.8979
0.1965   1.3816
0.7792   1.0509
0.5015   1.4738
-0.9161   2.1181
-0.2632   1.1096
0.6091   1.1873
-0.0948   0.6715
-0.2122   1.5441
0.0146   0.8342
0.8942   1.0246
0.5302   0.6476
1.0794   1.7223
0.0226   0.0141
0.0692   1.6287
0.6340   0.4262
-0.6217   1.3094
0.6846   0.3349
0.8230   1.5048
0.0528   1.6892
1.3983   0.3555
0.2999   0.9885
0.8437   0.6032
-0.4122   1.9107
-0.6098   0.8109
0.2853   -0.0858
-0.1262   0.1297
1.0827   -0.3154
0.8499   1.3187
0.5257   2.2375
0.2290   1.8510
0.7925   0.2726
-0.3222   1.9212
0.7286   0.8802
0.0145   1.6531
-0.3498   1.0249
-0.1591   1.0041
0.3908   1.2446
0.2477   0.9455
-1.2009   1.6805
0.8657   0.8406
1.4167   2.1171
-0.2209   1.0379
1.0456   2.6142
0.2570   1.1688
0.8068   0.8049
0.0264   1.7433
1.3133   0.7065
-0.2071   1.3442
-0.5614   1.2329
0.1546   1.0131
0.0785   1.1754
0.6449   1.0124
-1.3378   2.2062
-0.1432   1.2983
0.9140   2.1196
0.1048   1.2059
0.2920   0.9264
0.6308   1.2604
-0.0283   1.6246
-0.0916   2.1059
1.0567   0.5958
0.8115   0.8472
0.3612   0.9726
0.8785   1.4490
0.0778   1.1422
0.4213   0.7811
1.3629   0.7821
0.3289   1.2006
1.5386   0.2618
0.0100   0.9572
0.9459   0.5146
-1.1187   2.1475
1.5407   1.0354
1.8742   -0.4721
0.6988   1.6885
0.8603   0.5500
0.4384   1.5851
-0.1475   1.2617
0.4766   1.6363
-0.1573   1.6553
-0.2011   1.6537
-0.2483   1.9608
-0.3476   0.7413
-0.0615   0.7599
0.3126   1.6996
0.3452   2.5868
0.5319   2.5696
0.7174   1.4317
1.5634   1.4611
-0.7655   2.4895
0.6806   0.4237
0.2333   0.2959
0.1605   1.0003
0.8609   1.1579
1.0183   1.4875
-0.6835   1.3940
-0.1785   1.8512
-0.0358   -0.3528
0.9953   0.6035
1.1280   0.8212
1.4771   0.4487
-0.1001   0.6597
0.0746   1.9565
0.2102   1.1236
-0.8176   0.7570
0.3634   0.7767
0.6163   0.7710
0.5172   0.2087
-0.2159   1.1404
0.9592   0.7082
0.3941   0.8522
1.0493   0.6609
1.1108   0.4978
0.5409   1.5791
1.2553   0.3975
0.3612   1.3386
0.5004   0.4946
-0.1633   1.8482
-0.0884   1.6745
-0.1678   0.7663
-0.3445   1.2282
1.0989   1.1895
-0.6192   0.5132
-0.7283   1.1439
0.9530   1.3194
0.6186   0.7985
0.0567   1.1877
0.0539   1.4396
-0.1817   1.4603
0.4295   1.5918
0.8028   0.4109
0.1848   1.3968
-0.1595   1.2150
0.0223   0.8760
1.0447   0.2488
0.6390   0.7991
-0.6683   1.1568
0.8414   0.5057
0.6362   0.8136
0.9122   0.7004
0.0029   0.5205
0.5523   1.3611
0.3758   0.9602
0.1452   0.5201
0.9741   1.6001
0.6848   1.5587
-0.1666   1.3617
-0.0207   1.1354
0.4224   1.0613
-0.5110   1.6836
1.3196   1.3006
0.8870   0.9603
0.2030   2.0397
1.2340   0.8127
1.1228   1.5891
0.0311   1.3418
-0.4304   2.1907
0.4887   0.6209
1.3036   1.4441
0.6567   1.5162
0.5776   0.4219
-0.0180   1.2692
1.1738   1.2453
0.2892   0.7463
0.1466   -0.4066
1.1234   -0.1459
1.6297   -0.6680
0.6800   1.0645
-0.3345   0.5186
0.2111   1.8928
-0.8915   1.2180
1.0279   0.2796
0.5601   0.2413
0.8772   1.5422
-0.5537   2.0097
0.8212   1.2569
0.1118   1.4062
1.3425   0.4436
-0.0237   0.5577
-0.5660   1.6926
-1.5429   1.2765
-0.0038   0.6953
0.4019   0.9239
1.0638   0.4210
0.9574   2.0487
0.6796   0.0824
-0.3089   1.9639
1.3007   0.3559
0.1334   1.2248
0.9325   0.6149
0.3365   0.7648
1.5021   1.9640
0.6062   1.5832
-0.2132   2.0431
0.0655   0.6319
0.6226   0.5914
-0.5914   0.7241
0.5387   2.0729
0.1270   1.1530
0.5795   1.2090
1.1184   2.0162
0.1823   1.1599
-0.0052   0.4829
0.1564   1.8535
-0.5808   2.0484
0.3391   1.5131
0.6094   0.4205
0.5571   -0.4079
0.4502   2.1435
0.2488   0.8365
0.4916   1.5138
0.3646   0.2780
0.7916   -0.6379
0.1751   1.5739
1.1461   2.0393
0.4522   1.5736
0.8322   -0.5560
0.8653   0.9158
0.4443   1.0324
0.5957   1.1034
1.4624   -0.1085
0.9860   1.2947
0.3079   0.8938
-0.3751   1.3943
1.4789   0.8320
0.9633   0.5896
0.6698   1.0500
1.3010   0.6622
0.2713   -0.3174
-0.8866   2.5964
1.2084   0.8319
0.1810   0.8466
1.3166   0.7483
0.5660   1.7374
-0.2398   1.1260
-0.0447   0.7255
0.2277   1.0728
-0.1717   1.8813
-0.2511   1.9903
0.9570   1.0743
0.4571   0.7885
0.6249   0.4158
0.3311   0.3489
2.0496   0.9763
2.1551   0.8128
0.9926   0.9881
0.3458   1.0777
1.1374   1.1949
0.1457   1.7514
0.0613   0.9221
0.1496   1.1653
0.6727   1.3189
0.8480   1.0323
-0.2224   1.5238
-0.9936   0.8328
-1.2545   2.0599
-0.0110   0.9574
0.4577   0.8739
0.9704   1.2284
0.1999   2.1079
-0.6535   -0.7909
-0.8706   -0.8652
-1.5397   -0.2527
-1.1079   -0.5163
-1.4514   -0.2180
-1.4631   0.3560
-1.0197   0.0412
-0.3969   -0.5372
-1.0806   -0.5530
-1.3364   -0.6219
-0.2074   -1.2688
-1.9275   0.1547
-1.3723   -0.0527
-1.9492   -0.3633
-2.3230   -0.1799
-0.0732   -0.5888
-0.3870   -1.0742
-1.5791   -0.4048
-2.4985   0.0612
-0.8137   -1.5159
-1.8057   -0.2738
-0.2235   -0.5683
0.0533   -0.3311
-1.0018   -0.2502
-2.1099   0.4476
-0.7008   -0.0272
-0.7288   -0.5057
-0.0602   -1.1559
-1.9985   -0.9764
-0.8270   -0.0244
-0.3494   -0.4574
-1.7736   -1.0374
-1.4753   -1.4141
-0.6478   -1.4340
-0.7000   -0.0283
-0.4296   -0.8321
-0.3499   0.0561
-0.8747   0.0391
-0.5398   -0.3434
-1.7653   -0.5292
-0.4007   -0.5924
-1.3228   -0.4283
-1.4245   -1.1841
-2.3417   0.5025
-0.5344   -0.6336
-1.4535   0.2775
-1.3479   0.3210
-0.7895   -0.3287
-0.6497   -1.1582
-0.5829   -1.0044
-0.7683   0.0292
-1.0353   -1.4991
0.0513   -1.4437
-1.6080   -0.1689
-1.9293   -0.9876
-2.0749   -0.1763
-1.9410   -0.7011
-1.1291   0.4728
-0.9084   0.8459
-0.4784   -1.3328
-0.3619   -0.6733
-1.6553   0.0915
-1.2203   -0.3941
-0.5530   -1.2358
-0.5797   -0.1695
-0.7780   -1.3913
-2.0363   0.3301
-0.9869   -0.6351
-0.5625   -0.4009
-1.9057   -0.3921
-0.3453   -1.1831
-0.8728   -0.6216
-2.3303   0.6208
-1.7832   0.3757
-0.5554   -1.0481
-1.1016   -0.3878
-0.5212   -0.9896
-1.6139   -0.7665
-1.0230   -0.7269
-1.2537   0.8900
-1.9031   -0.6101
-1.2863   -0.2076
-1.0555   -1.4453
-1.1515   0.0596
-0.2265   0.4023
-1.2730   -0.5410
-1.3115   0.0847
-0.3052   -0.7111
-0.1818   -0.8457
-0.6310   -0.1815
-1.0752   -0.9065
-1.0477   -1.0253
-1.3918   0.6283
-0.1855   -0.6928
-2.0552   0.6775
-1.3563   0.3974
-0.8543   0.4764
-1.1931   -0.8426
-1.2082   -0.7932
-1.4459   -0.1134
-2.1039   -0.0301
-0.6973   -0.5156
-1.5297   -0.1406
-1.0067   -0.8701
-0.9751   -0.7468
-0.2120   -0.7171
-1.4354   0.4067
-1.3950   0.1261
-0.7171   -0.3365
-1.1582   0.7068
-1.7379   -0.3215
-1.3669   -0.5359
-1.0802   -0.0435
-1.2718   -1.2898
-1.4743   -0.0231
-1.3348   -1.0984
-1.8102   -0.4660
-1.5082   0.2057
-0.1274   -1.0453
-1.5546   -0.7135
-1.4238   -0.5160
-1.1989   0.1681
-1.0742   0.0793
-0.9927   -1.3008
-1.3305   0.1375
-1.3639   0.2813
-1.3331   -0.1798
-2.2007   0.1361
-0.8951   -0.4623
-1.7777   -0.3644
0.0858   -1.4107
-0.5724   -0.6441
-1.5045   0.2725
0.5476   -0.7150
-1.4752   -0.7503
-1.4300   -0.0404
-1.4784   0.0238
-0.7610   -0.1454
-1.1678   -0.3499
-0.8173   -0.9639
-2.0742   -1.4082
-1.5206   -0.9153
-1.9361   0.0462
-1.4331   0.1267
-0.6161   0.5777
-0.9587   -1.8533
-1.6309   0.8913
-1.8325   -0.0440
-1.6110   -0.4552
-0.8317   0.1706
-0.6311   0.4827
-2.1860   -0.0703
0.1585   -1.5967
-0.9770   -1.2646
-1.8439   0.8847
-1.3177   -0.4569
-0.1430   -1.2041
-0.9053   -0.6744
-1.2337   -0.8465
-0.9133   -0.7080
-0.7194   0.1468
-1.4056   0.3071
-1.3940   -1.4177
0.0794   -1.5140
-1.7988   0.3910
-1.0434   -0.6012
-1.4905   -1.3283
0.1494   -0.1112
-0.8567   -0.2201
-0.1805   -0.1303
-0.1043   -1.4726
-0.9081   -0.3053
-2.1557   -0.0110
-1.8387   0.6342
-1.6395   -0.0972
-0.7122   -0.6180
-0.5964   -0.4997
-0.8928   -0.9321
-2.1217   -0.9835
-2.1062   0.2708
0.2293   -0.0652
-0.5643   -0.0357
-0.8305   0.4020
-1.2517   -1.4230
-0.8808   -0.7752
-1.6941   -0.3795
-0.5274   -0.3548
-0.9811   -0.5047
-0.9923   -0.2384
-1.8254   1.0657
-1.0980   0.6705
-1.2462   0.1006
-0.6718   -1.0489
-1.3663   -0.7191
-0.8275   -0.2924
-0.8989   0.5970
-1.5933   0.4329
-1.2522   -1.1007
-1.1394   -1.0475
-1.0782   0.3400
-1.5095   0.0359
-1.2348   0.2889
-1.4823   -0.4811
-0.5765   -0.7908
-1.0663   -0.5538
-1.7402   0.3791
-1.3950   -0.7172
-0.4484   -0.7832
-0.9721   -0.5203
-0.5087   -0.3257
-0.4742   -0.9101
-1.2569   -0.1224
-0.7762   0.1398
-1.8300   -0.9039
-0.4508   0.2847
-0.8010   0.0674
-1.3770   -0.7146
-0.2238   -0.6613
-2.0901   -0.0964
-1.4503   0.0798
-0.9941   0.3267
-0.7849   0.3430
-1.9367   -0.3544
-2.0770   0.1122
-1.3835   -0.4637
-1.4587   -0.2004
-0.6591   0.0599
-1.7782   -0.5839
-1.2098   -0.7611
-1.1848   0.4289
-1.5208   0.4367
-1.0217   -0.2650
-0.3457   -0.7969
-1.0583   0.6631
-0.3539   0.4676
-0.6066   -0.6625
-0.6875   0.3782
-0.6121   -0.7352
-1.9549   -1.0360
-0.2566   -0.9162
-2.6160   0.3415
-1.9983   0.0911
-1.0863   -0.0491
-1.2246   -0.9674
-0.7757   -1.0096
-0.6198   -0.9118
-0.9471   -1.4717
-0.6668   -1.2781
-1.7614   -1.8400
-0.8544   -0.4337
-1.4563   0.0912
-1.0525   -1.0293
-0.4357   -0.4035
-2.1559   0.2470
-1.4838   -0.6828
-0.8355   -0.4343
-1.3403   -1.0287
-2.3626   -0.5381
-0.9153   0.2929
-1.0232   -0.8584
-1.1882   -0.7282
-1.3065   -0.2944
-0.8686   0.0036
-1.7276   -0.9847
-2.4504   0.1220
-1.2608   -0.8722
-0.9130   -1.4956
-2.7352   0.0710
-0.5754   0.0733
-0.9161   -0.1623
-0.5274   -0.5393
-1.1610   0.1560
-0.9055   0.1044
-0.8160   -0.4818
-0.9445   -0.1417
-1.0397   -1.4058
-0.5098   -1.1047
-1.5826   -0.4388
-1.6361   -1.3757
-1.0322   0.2125
-0.6790   -1.1852
-1.8673   0.7112
-1.7853   -0.3480
0.9198   -1.3844
-1.0319   -0.8828
-0.4269   -0.4974
-0.5919   -0.7586
-1.4279   -0.4184
-1.8768   -0.7570
-0.9537   -0.4615
-1.1275   -0.7145
-1.4215   -0.5618
-1.5426   1.1360
0.2019   -0.0130
-1.1269   0.1950
-0.8953   -1.1040
-1.0866   -0.3080
-1.7167   -0.9544
-1.1562   0.1582
-1.8194   0.5204
-1.7938   -0.6353
-0.9679   -1.1504
-1.8675   0.6951
-0.5602   -0.6236
-1.1738   -0.5932
-1.3874   -0.1329
-0.6178   -0.4618
-1.1039   0.3724
-1.2888   0.3689
-0.7669   0.1954
-1.0469   -0.7715
-0.5696   -0.0222
-0.5350   -0.1854
-0.8113   -1.8044
-1.3052   -1.7226
-0.9753   -2.1487
0.3998   -1.4925
-1.4898   0.9244
-1.9463   -0.5004
-0.6561   0.1157
-0.4633   -1.2117
-1.1242   -1.1932
-0.5043   -1.3497
-0.4187   -0.2097
-1.4160   0.0660
-1.7053   -0.5915
-1.3706   -0.3941
-1.4547   -0.1749
-1.1647   -0.1149
-1.2296   -0.4471
-2.1599   -0.3716
-0.6283   -0.9373
-1.4844   -1.1200
-1.5148   -0.4831
-1.5015   -0.3974
-1.0833   -0.1030
-0.7536   -0.2020
-0.7082   -0.6615
-1.1632   -0.3700
-1.6468   -0.5479
-1.9545   -0.5705
-1.3002   -0.0407
-0.3736   -0.1641
-0.2217   -0.5938
-1.2100   -1.6938
-1.2290   0.1736
-1.3561   0.8636
-0.4131   -0.9845
-1.1416   -0.4315
-0.5019   -0.9772
0.0234   0.0588
-0.2314   -0.5750
-0.9358   -0.4814
-0.7281   0.6246
-3.4686   0.8586
-0.9865   0.4060
-0.9676   -0.1285
-1.5850   0.5400
-1.7720   -0.4438
-1.6072   -0.3159
-0.8813   -0.5826
-1.0191   -0.1921
-0.0549   -1.5280
-1.1873   -1.2666
-1.5788   -0.2050
-1.2929   0.1283
-1.2436   -1.0753
-0.9649   -0.2768
-0.6001   -0.5960
-0.7862   -0.7514
-2.4769   -0.8779
-1.8415   -1.5143
-0.8832   -0.7388
-2.0537   -0.1322
-1.1908   -0.3653
-1.1945   -0.3552
-2.5244   1.1920
-0.9480   0.3740
-0.0666   -0.2665
-1.6234   0.8579
-1.3659   -0.5846
-1.8440   -0.7964
-1.6101   -0.3207
-1.3465   1.0163
-0.9275   -0.4020
-0.2804   -0.1563
-1.0961   -1.4196
-1.2172   -0.1147
-0.3290   -0.4049
-1.1462   -0.9020
-1.2998   -0.3089
-1.0893   -1.2152
-1.0389   -0.9380
-0.9759   -0.0553
-2.1367   0.9791
0.0599   -0.8329
-1.0024   -1.1937
-1.2686   -1.2344
-1.0276   0.1999
-1.3466   -0.1446
-0.3225   -0.6079
0.0319   -0.6695
-0.9007   -0.2813
-1.0789   -1.3180
-1.1364   -1.9111
-1.0051   -1.2620
-0.5964   -0.6701
-1.7606   0.6030
-0.4666   -1.1004
-1.3385   0.1083
-1.4877   -0.8614
-1.0138   0.0832
-1.4031   -0.5715
-1.2981   1.1403
-1.5053   0.1782
-1.7424   -0.9121
-0.5894   -0.6248
-0.4688   -0.9241
-1.4280   0.1687
-0.5813   0.0033
-0.8605   -1.1736
-1.1368   -0.2928
-0.6426   -0.5915
-2.2593   -0.5074
-0.8085   0.4904
-0.9040   -1.3296
-2.6965   0.0010
-1.2875   -0.1394
-0.8066   -0.1249
-2.7245   0.0115
-0.3131   -0.5646
-1.1138   -0.5944
-0.3606   -0.5014
-1.9012   -0.9033
-0.7402   -0.9256
-1.3387   -0.6049
-1.5590   0.2261
-2.1770   -0.5401
-0.8543   -0.9879
-0.8312   -0.7366
-1.1296   -0.4911
-0.9680   -0.2050
-1.3279   -0.3945
-1.3460   0.0351
-0.4957   -1.1437
-1.9514   -1.8906
-1.6498   0.4755
-1.6734   0.6505
-0.9889   -1.1758
-0.9363   -0.2509
-1.2013   -0.0873
-0.0070   0.2083
-2.3054   0.3236
-0.7936   0.1688
-0.9788   -0.8582
-2.3887   0.4397
-1.3377   -0.7210
-1.1338   -0.2402
-1.4905   0.6002
-1.9445   0.0813
-0.6340   -1.6886
-1.2500   0.5619
-0.1799   -0.1147
-0.3953   -0.3766
-0.1118   -0.9134
-2.1355   -0.5251
-0.5674   1.0104
-2.0489   0.6691
-1.6703   0.3557
-1.1933   0.0538
-0.6898   -0.3279
-0.5216   -0.3214
-1.8731   -0.5496
-1.5675   -0.2765
-1.5441   0.5726
-0.5060   -0.5581
-0.5514   -0.5103
-1.2717   -0.7658
-0.5753   -0.9125
-1.1372   -0.5632
0.1224   -1.2190
-0.6292   -0.2492
-0.7759   -1.5610
-0.4523   -0.9361
-0.0432   -2.2009
-2.5839   0.7403
-1.3823   0.3902
-0.8016   -1.6411
-0.3475   -1.3053
-1.5221   -0.5310
-2.5190   1.5889
-1.2788   -0.1614
-0.5572   -1.2049
-1.3102   -0.3570
-0.2745   -1.2021
-0.2267   -0.6631
-1.8645   -0.2303
-1.7025   0.6240
-0.4414   -0.6427
-0.4628   -0.8208
0.6259   -0.9331
1.8627   -1.3303
-0.0165   -0.5147
0.7090   -0.8307
-0.1164   -1.0436
0.6615   0.1597
0.9384   -0.3341
1.1088   -0.4394
1.6407   -1.6691
0.2975   -0.8990
0.3129   -1.7868
0.3161   -0.4556
0.7298   -0.7687
1.4609   -0.8201
0.2792   -0.4067
0.8808   -0.6286
0.4905   -0.6734
0.4681   -0.7101
0.4390   -1.3316
0.9692   -0.8197
0.4723   -0.3156
0.6530   0.0310
0.9494   -0.5255
0.9365   -0.8606
0.4333   -1.0753
0.2782   -0.5614
0.1934   -1.4393
1.3916   -2.0030
0.8701   -0.5202
1.0804   -1.5682
1.0421   -1.5380
0.1796   0.1573
0.6035   -0.5401
1.5137   -1.2999
0.5814   -0.3609
1.6763   -0.5806
0.8796   -0.0388
1.5326   -0.7712
0.9391   -0.3190
0.6018   -0.8656
1.9771   -2.6151
0.5417   0.1928
1.5502   -0.8477
1.6921   -0.8830
1.0119   0.0431
-0.1082   0.5504
1.2569   -1.4874
0.7089   -0.8727
0.0646   -0.4385
1.0519   -0.5320
0.4711   0.4773
0.9982   -1.2092
0.8082   -0.9532
0.9247   -0.9942
1.6126   -0.9447
0.2585   0.7913
-0.1781   -0.6076
1.3973   -0.9176
1.5893   -0.8545
0.5802   -0.7981
0.7938   -1.0258
1.0580   -0.8665
1.1422   -1.1341
1.2275   -0.8172
1.2613   -0.1561
0.6880   -0.5030
0.3392   -0.8629
0.3192   0.0290
0.2236   0.2849
0.7608   -1.3107
1.6858   -1.1278
0.6816   -0.0803
0.2052   0.2431
1.0519   0.0393
0.8520   -0.6437
-0.4084   -0.9901
0.8172   -0.8040
0.7399   -1.1304
0.6766   -0.8000
0.5630   -1.7605
0.4692   -1.3036
1.6043   -1.4256
0.7091   -0.4923
-0.3643   0.0758
0.3733   -0.0844
1.1266   -0.8365
0.6078   -1.1204
1.2834   -0.5368
0.3800   -0.9464
1.9175   -1.4542
1.5036   -0.8975
1.0575   -0.3815
1.5951   -0.8347
0.2248   -0.5210
0.6516   -0.5212
0.1443   -0.6630
0.9600   -0.9413
2.0634   -1.2960
0.9941   -0.7995
0.1138   -0.9560
0.9440   -0.8339
0.8335   -0.4521
-0.3522   -0.0622
0.1413   -0.4916
0.2493   -1.2677
1.8197   -1.6440
0.4091   -0.3677
0.8230   -0.4848
0.9591   0.2291
0.1161   -0.8105
-0.3089   -0.7625
1.1627   -1.5488
0.8534   -0.8356
0.4172   0.1947
1.2190   -0.8498
0.8590   -0.9737
0.6673   -0.4117
0.6179   -0.2485
0.2622   -0.2354
0.6292   -1.6556
0.5305   -1.2110
0.1180   -1.1799
1.2267   -1.2725
-0.3310   0.3744
0.5518   -1.5922
0.2817   -0.7757
1.0737   -0.4300
0.3288   -1.2586
0.8112   -0.7789
0.6010   -0.7626
0.0264   -0.7309
1.9999   -0.4276
0.6217   -0.2531
1.8282   -0.6364
0.6894   -0.8650
1.6823   -1.2717
0.6808   -0.1243
-0.0438   0.4606
0.3368   0.1377
0.6774   -0.0968
0.5776   -1.4199
-0.1606   -1.1663
-0.0724   0.0945
0.3765   -0.8194
-0.0004   0.1024
0.0473   -1.0317
-0.4604   -0.4714
1.0612   -0.4416
-0.0477   -0.8393
0.4547   -0.7049
0.0998   -0.7133
0.9356   -1.6382
0.8186   -0.9969
1.3200   -1.6084
-0.0460   0.0990
0.4730   -0.7795
1.0478   -0.5527
1.6559   -0.9498
1.1162   -1.0541
0.2667   0.0945
1.2608   -1.2272
0.8419   -1.0641
0.6822   -1.0564
0.5930   0.1837
0.2763   -0.3429
0.8097   -0.6674
1.2651   -0.5823
1.3076   -1.4520
0.8158   -1.2954
0.3361   -1.1057
0.2945   -1.4372
0.6524   -0.5629
0.2315   -0.6842
0.5264   -0.7444
0.1964   -0.7419
1.0948   -1.2854
0.5393   -0.9944
1.0008   -1.5299
-0.5259   0.0351
0.6269   -1.2704
0.3130   -0.6358
0.7235   -1.0046
0.1965   -0.5742
0.1409   -0.7560
0.8271   -0.8667
1.8733   -1.6272
0.9877   -0.0597
1.3241   -0.6658
0.5283   -0.6563
0.2274   -1.1787
-0.5672   -0.2189
-0.1834   -0.1759
1.2812   -0.9326
-0.1829   -0.6658
1.9647   -0.4651
0.9408   -1.1309
1.0420   -1.3358
0.7397   -0.7526
1.5416   -1.5997
0.7401   -0.9769
1.3010   -1.6940
0.7396   -0.4620
0.1873   -0.4622
0.0042   -1.1850
0.7867   -1.2973
0.6421   -0.3343
0.4124   -1.0201
0.4081   -0.4908
0.6128   -1.2255
0.9196   -0.4335
0.8802   0.1040
0.9386   -0.6164
1.3112   -0.6101
0.7335   -0.4585
0.8732   -0.8256
-0.0786   -1.4678
1.1216   -1.2302
1.1302   -0.7100
0.8876   -1.1072
1.2404   -1.1211
0.4384   -0.9609
-0.4931   -0.4726
-0.3621   -0.7354
0.5062   -0.1905
0.6172   -1.1863
0.8384   -1.3659
0.6860   -0.9877
0.4767   -0.8112
1.0513   0.0391
1.8987   -1.2144
0.5133   -0.2015
1.3354   -0.1795
0.6808   -0.6992
1.3190   -0.9537
1.0234   -0.2755
1.1559   -0.7463
0.6981   0.1766
0.1700   0.2119
1.0610   -0.9950
0.4100   -0.7749
0.5128   -1.1991
0.4632   -0.7477
0.5336   -0.4197
1.0774   -1.4229
1.0785   -1.3684
1.2409   -1.7420
1.0184   -1.1444
0.9333   -0.4424
1.0003   -1.0130
0.3594   -0.3855
1.1617   -0.1999
0.5029   -0.6703
0.0180   -0.3193
1.6656   -1.8268
0.9100   -0.3616
-0.3756   -1.0858
1.1576   -0.2233
0.3664   -0.5015
1.2305   -0.8099
0.9375   -0.9210
0.9405   0.3954
0.0905   -0.8130
0.7814   -1.8585
1.4688   -1.4326
0.8486   -1.2591
0.8199   -0.6897
1.3955   -2.0590
0.2410   -0.7184
0.7355   -0.2901
0.9341   -0.6240
0.6874   -1.8925
-0.0118   -0.5123
0.7295   -1.2485
0.6515   -0.5775
0.0171   -0.8864
0.5385   -1.9474
1.5387   0.0454
0.1157   -0.6321
1.0134   -0.9298
1.0138   -1.1788
0.7238   -1.1066
-0.1000   0.0689
-0.3026   -0.5376
0.7127   -0.3883
1.0493   -0.2216
0.3594   -0.4543
1.7800   -0.5113
0.0972   0.9001
1.6141   -0.7467
1.0069   -0.5993
0.7742   -1.3229
0.9672   -0.2874
0.5354   0.0468
0.3783   -0.9341
0.2833   -0.8935
1.9992   -1.3604
0.4878   -1.1185
0.8822   -1.2790
0.8581   -0.8933
1.8215   -0.8967
1.1848   -0.3523
0.9637   -0.1064
0.3130   -0.8250
0.1079   0.2420
0.7886   -1.0733
1.1506   -0.7707
0.1921   0.2480
1.8418   -1.3036
1.4663   -0.7592
1.0840   -1.5536
0.8945   -0.7074
0.7907   -1.3962
0.2112   0.1828
0.7407   -0.7900
0.4502   -0.3937
0.7666   0.0643
0.1183   0.1223
0.4956   0.0306
-0.1411   -0.3222
-0.4534   0.2482
1.0909   -0.5441
0.5223   -0.4889
0.1414   -0.3918
1.5389   -0.8978
1.4656   -1.6006
-0.0790   0.1672
1.3205   -1.3164
0.6439   -0.4226
1.0060   -0.7682
1.4478   -0.4632
0.1286   -0.8155
1.2469   -0.5837
1.1900   -1.6193
1.5327   -0.2103
1.1492   -0.6162
1.1233   0.1325
-0.0041   -1.0362
1.5697   -2.0077
1.1254   -0.1433
1.0557   -0.3828
0.6875   -0.2377
0.9150   -1.5187
0.2343   -0.1686
0.7063   -1.1619
0.8545   -1.1010
0.0944   -0.2634
0.9607   -1.0397
0.7422   -0.8796
0.4617   -0.4473
1.6604   -1.7200
0.2482   -0.7667
0.0941   -0.9758
0.0542   -0.3204
0.3774   0.2748
0.4891   -0.2036
0.8167   -1.1072
0.5987   -0.8502
-0.0051   -0.5752
0.5242   -0.4567
1.1150   -1.0649
0.8957   -1.0284
0.3740   -1.1322
0.2341   -0.8259
0.1321   -0.5724
0.6545   -0.2626
0.4640   0.3309
1.0364   -0.4935
1.1580   -0.9397
0.3751   -0.5493
0.9696   -1.1189
1.5499   -1.4493
1.0817   -1.4893
0.8763   -0.6282
0.3488   0.3131
0.4274   -1.5049
0.9651   -0.1495
0.8992   -2.1562
1.2081   -0.9908
0.5937   -0.9149
0.8064   -0.4700
2.0317   -1.1755
0.2518   -0.3256
0.0329   -0.1319
0.3848   -0.2414
0.1126   -0.5139
-0.1500   0.0787
1.5033   -0.8261
0.5938   -0.7975
0.5145   -0.4201
0.1660   -0.4497
0.6552   -0.4792
0.4499   -0.6738
0.0881   0.1904
0.5667   -0.4852
0.6331   0.1503
1.3241   -1.6928
-0.1894   -0.6255
1.1571   -0.9484
1.7321   -1.3516
0.5046   0.1214
1.4146   -0.9335
1.3142   -0.2411
1.2548   -1.1867
1.4691   -0.3989
-0.4010   -0.4134
0.5862   -1.0670
0.3226   0.3238
1.0126   -1.9912
1.7081   -1.1605
0.7841   -0.4542
1.0479   -1.0815
0.5383   -0.4777
0.0982   0.4296
0.4495   -0.1874
1.1865   -1.2477
0.2010   -0.1232
0.2482   -0.8008
0.2034   0.4066
-0.7574   0.1267
-0.4013   -0.1309
0.6829   -1.4453
1.2337   -0.7819
1.5495   -0.5259
0.6008   0.0895
0.1296   -0.7123
1.6057   -1.4982
0.0083   -0.5686
1.0305   -0.4808
0.8745   -0.5926
1.5317   -1.6852
0.2805   -0.7990
0.2785   -1.5532
1.2843   -0.8361
1.3980   -1.2644
0.5995   -1.2137
0.1418   0.2797
-0.0086   -0.8502
0.7787   -0.5031
2.0402   -1.1888
0.0951   -1.1164
0.7580   -1.1135
-0.1087   -0.5069
1.1635   -0.8893
1.0357   -1.2458
0.9792   -0.1023
0.9160   -0.6647
1.4673   -0.4863
0.7005   0.1364
0.2498   -0.5303
0.2929   -0.6702
-0.4795   -0.1840
-0.2370   -0.0249
0.6364   -1.6269
0.2619   -1.5131
0.8969   -0.8789
0.4348   -0.4525
1.2556   -2.1939
0.2624   -0.5296
1.2597   -1.2086
0.6181   -0.7942
2.0902   -0.5597
-0.1425   -1.0471
-0.4900   -0.0108
0.9211   -0.4118
0.9070   -1.1671
0.9831   -1.0470
-0.2762   -0.6833
0.4568   -0.7731
0.9114   -1.8418
1.3860   -0.9707
0.0026   0.3657
0.7164   -0.8532
1.1583   -1.0888
0.2793   -0.1872
2.3409   -1.1661
1.4933   -0.5642
0.4200   -0.5032
0.3191   -0.9004
-0.0360   -1.3733
0.7196   -0.6214
1.5045   -1.5405
0.2433   -0.6762
0.4407   -1.2017
0.8061   -1.1043
0.1052   -0.4418
1.4498   -0.2419
-0.2234   -1.2733
0.7764   -0.9824
1.2131   -0.6015
-0.0858   -0.1934
0.2393   -0.1691
1.8162   -1.6343
0.9042   -1.1514
0.7450   -0.9199
-0.0416   -0.6644
0.8051   -0.1917
1.5731   -0.8492
0.5929   -0.5505
0.7115   -1.4070
0.4188   -0.8877
