0.270958268357304 1.05028511586084
1.00038860772515 1.57774583782117
0.571925666657688 1.24984242242578
0.572695844805556 1.37411389707719
0.311979718226482 1.18654854339828
0.754399770496633 1.2689309731623
0.850909414970664 1.60783378021383
0.157462031196968 1.14886600903261
0.631512893659013 1.6092659335833
0.862853178241985 1.36381904917207
0.374747547044752 1.32252668259825
0.766899714996745 1.40723761270672
0.659028905494125 1.4691264510209
0.447830279868877 1.0367602631451
0.135447087238744 1.02526352658357
0.790407333081395 1.49195186729836
0.770883101522017 1.41141956027995
0.350273849535014 1.21231450222813
0.921356707838151 1.55335440781979
0.577750043433505 1.44706295626309
0.710184089400652 1.31697664305724
0.791442189655249 1.31108132735727
0.282638874711566 1.11596046299506
0.241545595683009 1.24596031800852
0.26621390187075 1.21303783629448
0.765106733472596 1.21818341185024
0.765883663578704 1.27222878859144
0.88458326284344 1.47971812369517
0.594455855405429 1.35558443896623
0.503055141300818 1.46188627019401
0.0527894678456747 1.1934132515453
0.338598747908136 1.11716938957939
0.323912766375463 1.1219837503623
0.265747516634899 1.10442556550426
0.367595949205617 1.25038393347948
0.336373272599141 1.24004852568345
0.83519095706633 1.31570563135307
0.240583860740067 1.12450722103825
0.931392231497149 1.46052835298435
0.499449652814156 1.23397591215118
0.570309615314236 1.3267792501219
0.453325527357686 1.21113468941766
0.473133987700542 1.36731405032167
0.754474325537319 1.35243791767976
0.403332632882455 1.16019575461376
0.216623585475047 1.09158955015784
0.661519534540176 1.28733021677471
0.444991610378815 1.34903811019935
0.791323973392324 1.41158074671607
0.70453555070995 1.49779320148521
0.504157396605377 1.21026995979712
0.486856445786031 1.41116112695235
0.813574923818379 1.45101530436126
0.367095160653437 1.3248970600741
0.308107398041325 1.19618651939841
-0.0170448639950344 1.04149198785969
0.17482566667862 1.21748395424459
0.897995032944605 1.52001516158043
0.0532567376919708 1.00153798088258
0.640880451193197 1.34682778520683
0.523095005495879 1.49676779174164
0.1176491145465 1.10112380248183
0.731840527088637 1.3693685215571
0.536132207754566 1.4320369315814
0.327245893211783 1.28758710354694
0.391892456331338 1.33433155127413
0.599654739396054 1.23995569522797
0.394474111350151 1.10922073574428
0.610889722151919 1.44646323883406
0.858393318867743 1.40498767101518
0.433105441817511 1.53481301255906
1.13651890983905 1.70388915415588
0.721478878539549 1.34014089157266
1.29883579817529 1.90355692793079
0.461894525981301 1.17818307613979
0.440300436879101 1.26816167505388
0.603943283120146 1.25868360066953
0.601421237723901 1.24050819015638
0.598004718515929 1.26709301364304
0.707460789608471 1.38270260359294
0.324788992854302 1.14441532493218
0.842775349818399 1.40981432017964
-0.0180727611712829 1.12042355231905
0.442243603822551 1.27082459874469
0.542868827006869 1.2627140472618
0.599100837371834 1.36290800991515
0.565958020794644 1.28272299859398
0.719225592444031 1.39767655591599
0.399512771115167 1.20293824269954
0.657430912112905 1.58057635652939
0.622510802609512 1.28592875216139
-0.0590729199244135 1.01826094758033
0.824620794098647 1.50527970459932
0.373179442036686 1.20640558533149
0.984558442905876 1.58790285959579
1.40417895972928 1.79934648227291
0.119480235354564 1.09502244658781
0.745877598557195 1.58830254742392
0.384987928117119 1.1456635801964
0.554728317298136 1.34057316288026
0.647720784465603 1.31677417296989
0.637167640961947 1.34460622499779
0.328533185041143 1.35920934613099
0.744060424549736 1.45226940057511
0.1572184157265 1.05060381801981
0.583087850746673 1.20023468018151
0.61792527211783 1.27326032555038
0.0471876852458845 0.918496172501407
0.429563294804258 1.02625517235988
0.674373450475581 1.48460296887137
0.839020122080057 1.42304564025399
0.514602119096238 1.29971342432359
0.22085432038872 1.13694947622545
0.284084403374144 1.39062429614645
1.05457223326438 1.76890550344215
0.581206976529304 1.24073252620655
-0.122900579632562 1.06544654426661
0.370370885787341 1.3580600468093
0.322394623088741 1.11839731140833
0.374695053759478 1.44793144170692
0.694404727119664 1.37116873771357
0.458918060875753 1.35779631878693
0.886929364060415 1.70361023720193
0.533032779843704 1.27025224683095
0.403211573412427 1.17136357685699
0.691361277194844 1.37258858508127
0.62294414531169 1.44278186188129
0.47255154237405 1.3686824808608
-0.343617201589218 0.794736529819523
0.741451490855792 1.51546346029341
0.559763694834865 1.35974035601613
0.518602527736426 1.3950755319243
0.594161215286131 1.21993605538274
0.642921728109321 1.46306688683366
0.470269925494247 1.21482593272243
1.4377968406183 1.62928515051014
0.634926014069677 1.08330038433542
0.164940185691016 1.01015987998781
0.767100037524095 1.31668236187588
0.922170329092689 1.47332708193873
0.117973492755916 1.03133777886599
0.167378226976585 0.993780574852651
0.752128682814291 1.54719528707528
0.0426483396367033 1.08100767298546
0.329870540617225 1.3359185891322
0.343074808236906 1.13453098335183
0.320221418779597 1.17181869081946
0.522581543970928 1.20630050536049
0.821170994086557 1.79058084255973
0.929780111675885 1.61759660088568
0.687748009433936 1.47987590809967
0.481270138191303 1.466956287294
0.415488318088466 1.09762693710815
0.388685877891496 1.38324964547029
0.582107273173043 1.33115541247142
0.379074053248083 1.10740573120259
0.448159629969038 1.32669579717738
0.308556165428065 1.1453068471735
0.759333063087906 1.57067000455914
0.313344346951129 1.28831298755158
0.6340095933573 1.47845608811349
-0.620735176620901 0.612296243771069
0.419848752772982 1.23149879077123
0.581804592327385 1.31287413963218
0.347620731193484 0.965645465008128
0.572582404186789 1.37582826987745
0.549139059255344 1.30931155734931
0.611459043436377 1.34688552589063
0.631338872125247 1.44616624342886
0.525538819539521 1.32900697497869
0.757914740976919 1.2957309412993
0.604658588306451 1.16425116857575
0.621770786413038 1.2045677457674
0.570317947852562 1.36723116217071
0.435325663410293 1.20161747947849
0.430579905709979 1.31839469597746
0.362523546168047 1.3078906588832
0.287163649212302 1.21247554149321
0.580926947940822 1.30950805914319
1.00987351121069 1.56032451951856
0.727018971763647 1.4197271558981
0.236361837109657 1.27842946732925
0.562995229494273 1.21953753625853
0.900520283083721 1.5368711268724
0.334287701543946 1.11294135451376
0.615833624075864 1.46028256398742
0.681306015953236 1.36879863382334
0.85270681456055 1.41425131861713
-0.213098970728342 1.00709652981666
0.673037090584202 1.4387640468638
0.488897060130832 1.23261769200636
0.665206696056601 1.50953774701428
0.455045518357023 1.26946250609255
0.525846612494738 1.23867516957083
0.535689519642074 1.30126602712937
0.328802846686169 1.07599100961333
-0.201048127039221 0.929893266975808
0.908048707481169 1.50452190492635
0.673605157328097 1.19156078568533
0.643526786262689 1.38668754625734
0.629044093272377 1.37303668712828
0.743682113936608 1.55209502984206
0.646127658611612 1.4706426039299
0.941921040617308 1.52426894757206
0.324359711221644 1.22971909840784
0.245809309876127 1.18854009680241
0.311762730958237 1.1216115329872
0.50903514222878 1.27693977882287
0.558935951639489 1.4574210729098
0.332071464944582 1.15248180954835
0.414399135328309 1.18881218740903
0.852018713839519 1.51569183331461
0.593469758978451 1.60775880613332
-0.33070431329862 1.0175889234387
0.912451445359582 1.46077055730211
0.939577551055501 1.57996079618958
-0.27429714811323 0.88003753622492
0.393353114403152 1.26082083217595
0.669339620630212 1.36351109936778
0.824037487840972 1.4651173843995
0.559171887236008 1.34967765775974
0.246237591000953 1.28938551079339
0.125911942218684 0.960334016528173
0.511012384536811 1.22871389438835
0.649502781580068 1.37983951375696
0.784178140733856 1.57234383013104
0.531579510165038 1.31065786784546
0.422446158684502 1.23953404259439
0.759532344482056 1.5582269047661
0.759194817694375 1.37555732714125
0.607765517873014 1.45989188285404
0.401189644405807 1.299889434754
0.379750151697221 1.39136233139553
0.474546721339639 1.30937247449949
0.785981069614296 1.42342023146112
0.262271608463422 1.24412152754957
0.469963883811146 1.3615603314052
0.315790199384353 1.10938041563681
0.671140727312052 1.13039999537424
0.864776306801677 1.42697146646503
0.615756683331716 1.34616893996862
0.220458509876762 1.18335266416614
0.638465258055769 1.43761209685234
0.619130590009023 1.38441730777728
0.388217530919336 1.15833925718672
0.205147349779512 0.959052355557895
0.878054527047838 1.66097516178809
0.434051314600471 1.25511907381585
0.308417605485719 1.05969297134887
0.444017751856525 1.46516737282851
0.498905179306188 1.34689405257344
0.711690693447044 1.39334753484393
0.409727001007556 1.33057734923369
0.552615961208165 1.26968759293601
0.386762394186735 1.12187291385789
1.0999813201986 1.70484613890369
0.192649939582922 1.35876554672546
0.320695507136127 1.07633333821849
0.833207230744863 1.58154675709225
0.188095263640047 1.17946908581321
0.0218956776843695 1.16858165780591
0.562248880615321 1.38070089954649
-0.292730878271035 0.775098021524981
0.850357644623732 1.38480893682616
0.333105524650725 1.15845668954675
0.617487082121348 1.22460558838708
0.406149202021038 1.13845068492819
0.501608720696257 1.28278394794283
0.832194600726624 1.55737476083414
-0.0106936427912063 1.00027204554372
-0.00900557585403516 0.966660056108227
0.815826448238434 1.58364104231762
-0.139030440163016 1.01683895597888
0.259848973607806 1.06995362580521
0.420917549819608 1.19565129973889
0.304586397634926 1.27809437071653
0.953580411980473 1.51608291594066
0.107182206066093 0.952143903648957
0.353604944330411 1.15418322719323
0.351764461460192 1.34927485078601
0.356684882968081 1.2746768301646
-0.173878914329915 0.783627931373657
0.448748188871627 1.14906321120391
0.0305872373500571 1.08148795141583
0.982349653845314 1.51074376005682
-0.232493766030345 0.849626485456077
1.0712453591738 1.654477783207
0.38798951956753 1.15719855341566
0.0826356004708437 1.13849470421652
0.679336105541774 1.39167838523666
0.85423850749295 1.37879607800257
0.413683356448256 1.22165100801682
0.84785700193467 1.27451242755446
0.30843049705154 1.21089779070075
0.834903384909105 1.40790869503616
-0.267336584785455 0.85106034058391
0.188884197377353 1.21201918260635
0.597976390168094 1.20945578923597
0.657104074486062 1.4420731333988
0.37626937027889 1.31938265505447
0.664046260252485 1.41288631930961
0.524682928987371 1.38515232103878
0.688781295099175 1.3537453277957
0.6236011012635 1.40645306101165
0.450275052092128 1.23629272297583
0.450459085452715 1.22079585959864
0.636120486992311 1.49177316193282
0.649394659762852 1.41746699886053
0.463471299995689 1.14569089061733
0.429934506060785 1.28325599923749
0.459200815107273 1.2198140575618
0.384321880387972 1.28874636442585
0.53519201653365 1.37380364295446
0.90272242640171 1.56259595257131
0.355876870120877 1.43727402726637
0.304163812357865 1.17922265823529
0.296089419417467 1.09678853709812
1.3181618356675 1.78503832961137
0.628170878124485 1.32834649499448
0.803401796190041 1.59085616747862
0.308237305693318 1.16862550527719
0.00353389614363725 1.22739820147718
0.424787248395487 1.26731011313359
0.690643468245735 1.38395585271617
0.0211531425604259 1.02382449446896
0.404223649279496 1.0611352540551
-0.00534349809289325 0.903299571470399
0.48678608523192 1.37884190436391
0.45972767018935 1.33809538304716
0.691154786826062 1.29178941169176
0.57462958499292 1.38565568155989
0.544618434212263 1.15260292465456
1.12508514167858 1.79560541165797
0.825839074277282 1.49086492147241
0.394318269399932 1.32963840034491
0.38837800524614 1.32716794168557
0.696857079639573 1.40260482798106
1.21271454220416 1.64243783137722
0.399105628396685 1.26187720743534
0.463511327189379 1.22994841649166
0.991730567770906 1.52399872043802
0.545660417073298 1.41378018264207
0.772346944335172 1.56204052438202
0.928647100138703 1.6703960517554
0.217905706007636 1.05849180597105
0.605324480363258 1.44567979232829
0.651478929114341 1.33892242178723
0.39542506215208 1.31625207466108
0.497242475370435 1.34843095882607
0.512129776559993 1.1434818021715
0.375913356931105 1.24326929240363
-0.00902693483838746 1.08258973483993
0.638899297255265 1.49374493482053
0.389662106679425 1.1810343384502
0.406754918928771 1.21641343689994
0.382250868282909 1.43302217991099
0.669010291093633 1.49312010432431
0.574126135236043 1.54378374862045
0.469595684652591 1.20990043525067
0.426905025248179 1.24623701543337
0.592301270589788 1.20669778495235
0.599293287260263 1.33018692785943
0.438308029334224 1.18152167748687
0.470219769233444 1.34573773019526
0.260193743270676 1.08073881177901
0.327034242693215 1.15861137541039
0.206405057612347 1.17322408204579
0.637597382783765 1.43809981278478
0.00966338757943458 0.94321955278052
1.06976373095748 1.65873742094971
0.02343218322907 1.06905833979594
0.754705175800035 1.39679046127542
0.431357197149714 1.40889236139971
0.378424739082728 1.26424436235065
0.698406902050766 1.31836037103581
0.434364452198439 1.47079462709932
-0.240617419780864 0.987960830452268
0.500718431089691 1.37569481321053
0.653397916748768 1.34747465522173
0.555537088530727 1.34944432352109
1.06462127262846 1.68546231771637
0.755114352245182 1.32230523898575
0.0477157195320324 1.18387438649566
0.0515342196105274 0.939541961197997
-0.0531130628053702 1.11402867878991
0.371016238118224 1.33120754125164
1.12046642798043 1.62021894180045
0.425192939495258 1.03626154346006
0.767021122005128 1.42362744588305
0.541702180940616 1.38754642308027
0.547633009156287 1.36783567944268
0.385504551624498 1.20030373691132
0.689518729678061 1.52052337993842
0.239897753943235 1.14497906592419
0.459743295282387 1.33481352165385
-0.0829113809214529 0.897331871072838
0.598878778134303 1.28730491782784
0.533584879587265 1.25201320470863
0.605004534194829 1.41460310795052
0.216305522247042 1.02764664407265
0.928417799575831 1.26289795774329
0.502218533753041 1.3300605402483
0.401257149313522 0.963537320103323
0.393920272603853 1.01303863157084
0.637790860717446 1.38178422009449
0.0327693482121583 1.02620743310082
0.466522696895824 1.19730825556644
0.989641288740247 1.48088014379242
0.61163856920645 1.44431762099743
0.517210030184811 1.40431468843737
0.789946187570343 1.51734694521534
0.640366524200935 1.55014748414558
0.652926282942674 1.58758947762474
0.683556505021887 1.5086940063777
0.582929513525901 1.34571951590061
0.790583576525253 1.60733717271032
0.946879794644132 1.64662878075899
0.788996265455455 1.42185763147964
0.359970246828967 1.0778617324781
0.66077279120183 1.44995185477159
0.845912428561771 1.33222507713692
0.379206154065654 1.34246132222856
0.444461740308584 1.34393702093153
0.288733695829601 1.31269643898674
0.216969799397161 1.08015265839834
0.654797668348051 1.09190196023855
0.683779814029187 1.38106527826854
0.199638224802392 1.12052106456557
0.748038064416461 1.48638306746696
0.152810365228051 1.22792885617402
0.630351645812766 1.36499472026061
0.497211909795786 1.09032731537584
-0.0419535348232654 1.0887702425444
0.415842967872533 1.41904985604392
0.615407827192951 1.24818308793998
-0.0260704378867597 0.944332243153427
0.545110515091169 1.3692609694996
0.258033936578694 1.01227881219269
0.75014860220091 1.35688515439239
0.540494083736221 1.32526943246714
0.693719446276247 1.44178633600446
0.798719701844572 1.34001905237502
0.726234270838312 1.54917203460216
0.659492490715929 1.48633985369823
0.293611677181573 1.28828189784005
0.896979063103623 1.52647944151028
0.522450930480971 1.16408877926852
0.617079861887697 1.39482845555399
0.825876176245633 1.65108696651287
0.108841090198521 1.13070262618264
0.436148533064306 1.30279498699041
0.563300301384037 1.40110392105319
0.405854844738529 1.13056333041396
0.623816088334198 1.38377418898306
0.555555769951124 1.32949386224241
0.663465399829637 1.31959656110986
0.359437799359437 1.23436164083662
0.612154485091258 1.39543632859525
0.692655341154057 1.53968811985941
1.08142617209976 1.53201372220181
0.971905478445452 1.53265944348715
0.528034995497204 1.3513575850548
0.502134040420425 1.39911965876273
0.0324308785187909 1.11009366115478
0.507643676274783 1.13107995482354
0.464724834765763 1.27947852787435
-0.0543128329339855 0.922297634150635
-0.00292428080463325 1.05351352847069
0.914542936356917 1.57113596080015
0.195466556651428 1.00214094987028
0.418424560530495 1.29628000695255
0.282055413051065 1.05658795069772
0.900468674952241 1.46521084967687
0.118990899849139 1.20282075878645
0.516744783680875 1.33270129860958
0.6532426575798 1.36930854546257
0.70747933141497 1.43119283272028
0.554058259658306 1.63713738878847
0.619514325577378 1.3262660485013
0.160425516140299 1.28594874439245
0.913503900493566 1.39135352979729
0.421903783408113 1.17758647689471
0.894790198895462 1.58338071908421
0.314394539439938 1.27663587791964
0.637966877279132 1.26355170599035
0.653574013286897 1.48685161348668
0.141237834267517 1.06759217393464
0.747369336516399 1.44034096495627
0.495668467177536 1.19712258267327
0.221074488900717 1.23388976049103
0.063297101011843 1.03449628019721
0.86605701723418 1.56834118351017
0.219623561597262 1.11130363739121
0.419575425961653 1.28198047694492
0.226868146096582 1.11579119955837
0.403204495063871 1.20595566900607
0.25685686292449 1.08688822691159
0.177550892424682 1.02064773643563
0.953983417928936 1.58940602585425
0.482620270007372 1.34767387617196
0.465406799757611 1.20463781087202
0.606693607861786 1.28918931089652
0.117217058479625 1.16255419846723
0.417708432690249 1.26285322100478
0.131765997182184 1.33283802506883
0.860790406096666 1.44328197094395
0.865330631543483 1.31476612041635
0.353988948637177 1.34925532319498
0.54899624364995 1.2127522180009
0.492465985825531 1.20687065792733
0.511700813269283 1.21057002097944
0.187546273807936 1.21930934846973
0.593468775769146 1.42742134703462
0.291136542827542 1.14901015326977
0.630803361043519 1.45543173772357
0.841620857232038 1.33332970734261
0.342484392672263 1.20992334825454
0.522117967124227 1.49668574606583
0.532575493156027 1.47375070628258
0.671869897834121 1.47578122570548
0.631015653121339 1.31467259771546
0.348953467487529 1.32035212635866
0.0709814201367032 1.16170284915303
0.072079095533875 1.1022833572093
0.314341760339969 1.34786296198143
0.174828139825309 1.0390980090149
0.672671582259572 1.32513403904796
0.62903932668761 1.37236289981468
0.666231252857328 1.3802983339446
0.647264273103322 1.3282470616007
0.247644035664725 1.19267321069206
0.557107799770235 1.35037582453567
0.721268604900698 1.60526512048372
0.532719710006943 1.25862229012016
0.328016994161131 1.25812083319162
-0.057916408393818 0.829259010400988
0.493794191665907 1.25187441096196
0.350956655614626 1.37373250843064
0.507553737523012 1.49968252971911
0.270799986141768 1.16657055520866
0.861410705109166 1.63737388495089
0.830151950675479 1.39364784426331
0.796233355703904 1.27755722958902
0.808844803290299 1.43682375761562
0.202158959792657 1.03392200259965
0.826837372349223 1.42434034328144
0.385378504162124 1.17867985243099
0.82913365324556 1.60949986078499
0.243643336879007 1.16466118187529
0.323754635216954 1.19082771287609
0.473423062497671 1.3097076187576
0.550390978532019 1.1753441058314
0.840847016579645 1.47563869353565
0.621075495159902 1.35098546316189
0.20340690325655 1.2795074625271
0.687590293519165 1.41421547932963
0.679810370914498 1.44122137300077
0.500629220062616 1.22171572988034
-0.265456073847927 1.01276844159699
0.329856793512838 1.27310543936188
0.572045558346173 1.42618580636385
0.273975387496488 1.11649952632961
0.7578120788069 1.48171844092638
0.983456090703785 1.5535738509889
0.97614676432818 1.5895882297218
0.300885329842671 1.35309505914701
0.59864986055068 1.23486123038189
0.86383901039611 1.34537979339216
0.500479682142485 1.3799235695934
0.569188799274052 1.34738677992684
0.266380919945038 0.925652066035686
0.16900211604046 1.2509095881472
0.46272794598641 1.34546711633406
0.390773438300245 1.27799943965819
0.383954331404049 1.18778491012152
0.204784793221036 1.23356505494239
0.862050202650111 1.52319568237038
0.00105155304027321 1.20953059301678
0.257760261158074 1.17296264692043
0.70703021690781 1.33513660370124
0.674479835795091 1.40074121313025
0.754269392346794 1.34723146965024
1.02097419744579 1.48338499703846
0.410621666601809 1.2329341536779
0.584607880145403 1.33048569888933
0.657915821348717 1.44067012937504
0.401273104772253 1.18884281530895
0.335188511400301 1.26137038836865
0.70949569272322 1.34163392656492
-0.0604477428921713 1.06878654780792
0.959785571612623 1.61616898305392
0.187528822333218 1.03691383321072
0.293435225558973 1.16367164357472
0.170288934476742 1.08204452411263
-0.0679821990653632 1.05124635677767
0.666928823278851 1.24779820732566
0.444404053032398 1.2328675777796
0.370764555142477 1.37437000262838
0.528084846822456 1.33860986973732
0.478604026565301 1.34582252757432
0.526149306635518 1.14900669038774
0.517199956092983 1.26575369414948
0.807984510701234 1.34155447777308
-0.187663828099167 0.961493525325185
0.543234633053983 1.31495602559614
0.467691206154623 1.19144150960404
0.225315051421271 1.19258251370045
0.752719425176212 1.46015686004966
0.750017122461916 1.46727470038799
0.403858141300303 1.43212473728329
0.146906940659025 1.09068467751314
0.232521001095605 1.08557863762469
-0.000523697994007533 1.0050894000994
0.235378014828129 1.3770851554442
-0.058796236402567 0.902669448294061
0.740224838310791 1.35396409848817
0.511782377165022 1.20190676392298
-0.00859551582240659 0.924112414114282
0.861948723754114 1.47571949855914
0.59020274681723 1.47331007787861
0.318443068131242 1.05853923347916
0.651351885815973 1.47055861179803
0.679527564537525 1.43853999408902
-0.367001720394359 0.653165025581073
0.594449239385799 1.49216633274203
0.519859065034874 1.3141537896414
1.20419718880706 1.44262517263859
0.0624891785192497 1.13430589813308
0.81333143643708 1.3673174109172
0.21051405875314 1.05299824937008
0.48484154579766 1.08271275239928
0.695168242408106 1.39108089080582
0.0872830208849696 1.08059104484999
0.584749285529972 1.29057736243551
0.386566252825047 1.13207205432802
-0.376479723025855 1.00985230040477
1.16366743420529 1.59051911426432
0.364283931814452 1.14410133419556
0.345190942175383 1.09761413279915
0.385956843804484 1.22072608906624
0.047416086449152 0.918270096617842
0.726717997584148 1.39723408462313
0.315521755751831 1.17615706484452
0.725429983315984 1.16670833168248
0.249153105628092 1.39499839102079
0.810645275563593 1.39627346398483
0.137853943912226 1.10409717350472
0.279928601641404 1.12742049650266
0.480488281894143 1.33272311917177
0.450387683637294 1.22046466030252
0.172830587965661 1.00554970343893
0.333726511912597 1.29477446549139
0.402280660136158 1.14723154723742
0.314371627989271 1.22934264985616
0.804947502305588 1.49456602153619
0.294102057470202 1.13996647245846
0.583143216757007 1.469383338954
0.0198293400125993 0.997160465628693
0.365562534309851 1.24923313558348
-0.128485881922816 1.09367456183287
0.518822015920225 1.35967469346638
0.114644613961001 1.19001286067599
0.780768110752857 1.42645954566817
0.2728869887522 1.33584551707397
0.42102963765034 1.29401999175712
0.708176936628857 1.36516238592455
0.398234666756863 1.3412572366379
0.46005877189482 1.41841622320855
0.417863739557878 1.35016999313561
0.192242601795591 1.11291753505661
0.440089180234641 1.18378428848199
-0.0904103254771106 0.961109710727724
0.485623729269152 1.31921634733833
0.297358167228567 1.19937110446863
0.16396463102137 1.22496899020428
0.870055651705264 1.455327638495
0.087070556031503 0.930534204246342
0.568386086227836 1.22049225899038
0.892184859520621 1.53814734372825
0.133903049584782 1.01280452462325
0.483790770979686 1.2124605755185
0.652054356406258 1.50004742104213
0.919998522739093 1.50507963474487
0.65124422430766 1.3632323245227
1.11666769468108 1.65732548329247
0.427588909163033 1.18717707063367
-0.0837058947355633 0.923585259296256
0.454653075109538 1.29253442582686
0.683638190924283 1.33673603021485
0.70146490560846 1.39655663774325
0.376916957275552 1.25763548207471
0.312036271183227 1.10631458589502
0.371911320748803 1.24567304306644
0.853503111159416 1.39178432365785
0.670632490240891 1.41548516395289
-0.0633645408299592 1.0436910316359
0.436443512719275 1.25101816346336
0.573162651043355 1.18010217885337
0.299702990708105 0.985372634801541
0.390678523696463 1.23585161698175
0.193247297465242 1.10040441455667
0.816110668944142 1.44956027623594
0.324842300878874 1.2210586566437
0.205288299993944 1.24534102217676
0.60899642688372 1.42739571695784
0.230058136499258 1.23143415367618
-0.03388925027899 0.939246340068518
0.57600890767838 1.32858206273537
0.976344213960737 1.61999667913085
0.793865047192589 1.50419095879976
0.567963535058022 1.45503214305203
0.259644604992952 1.13502020596453
0.412267617754735 1.34905011361196
0.565919900599135 1.21352738625993
0.532112430306751 1.26814456831365
0.523069757191005 1.32798796117618
0.272681496134642 1.07213680943767
0.55057905786952 1.23540175984264
1.00905152473922 1.40207751825502
0.353726534329546 1.10592174336409
0.711702641837217 1.31263147512584
0.472096160948962 1.26195617921593
0.607637463175919 1.46029902096525
0.746752809753892 1.32800830432465
0.666934360746696 1.38657586918592
0.522889509829084 1.18876711658675
0.611765100080493 1.50186243567463
-0.0956058051836857 1.20237793863776
0.202431131322289 1.01601498553008
0.604991693658838 1.3392379153212
1.19464999558679 1.81607003674707
0.255605460705237 0.925969616501049
0.162341200215955 1.04787340215769
0.774964403553299 1.43026124022016
0.705795328933171 1.52870483262225
0.642658609792866 1.24410538958259
0.545769833425201 1.31189802552167
0.50495998978241 1.38870141831906
0.676252394259603 1.37533722114958
0.359868186362013 1.30847656265165
0.341164537856324 1.16983584270297
-0.104573133453662 0.841609213107747
0.861350183845855 1.51352248902481
0.964983867929373 1.56773178841873
0.447481090217329 1.4662813449005
0.427641693351513 1.29832536884541
1.06416524218516 1.37460442926684
0.618484920707549 1.37216715233507
0.542072549677497 1.25857423775204
0.745258415477718 1.41184378235108
0.66415060020655 1.450296943672
0.63430968604058 1.26880609361076
0.14970060592592 1.13713178703552
0.452500557138417 1.37157688591518
0.180731358858653 1.08226736393652
0.302962503156344 1.12969564243363
0.309232237032023 1.31953864644032
0.28034340420069 1.32809347425014
0.246492994610443 1.27406586374835
0.513127118897513 1.32613357977713
0.869559100895397 1.4507514717006
0.682149870218069 1.45513478463571
0.0111214979214459 1.1940018412775
0.598671565612903 1.44991483823962
0.426045885189415 1.19869745576435
0.855926269816426 1.44271527619012
0.254354262915543 1.0762705139016
0.222045397387326 1.16315560891455
0.861513399075161 1.70304339438984
0.575298590373439 1.45947249378611
0.526273070900727 1.34165674372128
0.47483288889351 1.15632629877871
0.202917844577128 1.09104804331081
0.645043642832617 1.27702793201417
0.161180035132298 1.08875978619676
-0.0623932607438288 0.943164298008507
0.671375991364822 1.4057961326821
0.141623357301055 0.974034099996978
0.78020062173137 1.35402733892138
0.579642467633558 1.33974963790935
0.495247343518383 1.26201100906001
0.502189990255165 1.28423382830384
0.0839669780477187 0.957654045071538
0.735491421533485 1.2470816709703
0.647608828144443 1.38691132382392
0.12177674891197 1.20827648911445
0.588583671619784 1.41737187726538
0.919450472974193 1.51201270323406
0.509832191375617 1.20598717816126
0.368034184392689 1.41206467940093
0.0882053619730346 0.946321887560085
0.450124452465887 1.15638615310682
0.946547769872816 1.38794923123958
0.429573348628534 1.23484592198847
0.544729054035389 1.15430458499016
0.847608272098518 1.41187276328183
0.316645087737985 1.25148412576354
0.152915497541638 1.13809347827181
0.779693723773896 1.41338535041454
0.0337527402836938 1.11501479482554
0.136424149906791 0.989551400966395
0.11115690755433 1.08062033799166
0.623374155837313 1.34472498786804
-0.0616325932234812 1.15173969089645
0.560051117671199 1.17167090194512
0.552682757742005 1.36428906060264
0.52589631542285 1.39088741893391
0.374563367168107 0.952658516756573
0.878678407522189 1.45752739641941
0.524606337277623 1.21895427037133
0.804668617921395 1.68557657659783
0.475717758296387 1.26378795385615
0.405164603803965 1.11504318267151
0.481767205019404 1.25289458505728
0.443496257461535 1.38110824410728
0.4886565934122 1.30763911544196
0.450200937746885 1.26466604209462
0.304552107796103 1.32368830480786
0.475125323628976 1.36318422821654
0.218967977611021 1.16472174812041
0.75250205947081 1.36229113615704
0.38510919471786 1.15138254447341
0.783118642416395 1.37449915112903
0.46319650729812 1.44524440081266
-0.0662201090212318 0.963219673972192
0.808578533392479 1.2753938510716
0.413402255979805 1.22252646260764
0.906380163202452 1.57875666188944
0.887905093337564 1.48738358260883
0.282131720876706 1.25025426792933
0.838204099440879 1.472032325173
0.568186474296208 1.46045403351364
0.494744614531169 1.3612597672443
0.534493903031096 1.45102026460048
0.633630898548399 1.50363339655599
0.679744526242273 1.46041015837342
0.437081176817243 1.32361913891536
0.474033542089501 1.29806888475153
0.881833237665091 1.36081071720336
0.323678629916048 1.43674162678919
0.601526022044176 1.30083200863154
0.313105471606803 1.25144388884192
0.347452031209169 1.15725749418393
0.213666961450946 1.20456886515064
0.625565935037716 1.37376238748843
0.15936680842664 0.942887897438436
0.337183383759061 1.29399721888474
0.538811203889317 1.24575907746548
0.746846506419453 1.30489508001069
0.333188993324788 1.18242160298423
0.559313918467328 1.24158758727259
0.405896268350769 1.13027249414374
0.367242155087598 1.05800723655927
0.504213666945972 1.4681660145201
0.45558138868468 1.37910479439357
0.591331947755811 1.39776349870935
0.813601721720919 1.61182992109997
1.01811803676015 1.61305679948891
0.769062473288928 1.34779841401617
0.451297953188079 1.25862580719629
0.181465274033603 1.06707397803693
0.908844733542726 1.55091471391864
1.0754614557758 1.6581507225557
0.247468825294469 1.01104892223454
0.649980311911637 1.28252735050716
0.53864626563774 1.5162549658193
0.3398854218939 1.176884909581
0.208793767765956 1.09531283440882
0.780420817029933 1.58369076763548
0.648609148857746 1.35629701148457
0.325268619273294 1.25505539751763
0.43764588234915 1.42744645771667
0.454582898961358 1.11347230883588
0.549813874090478 1.46136340467667
0.747092277509499 1.51318280299443
0.615490202792282 1.42517106520815
0.577947656857349 1.36775971627976
0.858070032365659 1.31569342555205
0.438946444265834 1.16098013973176
0.716214346322737 1.37970569343775
0.666357954994437 1.42037314921646
0.488306694367673 1.22268974364708
0.569427734077259 1.35031066988087
0.678961749520348 1.3912790559007
0.67973101837039 1.2122734770736
0.479533650750965 1.42961116840026
0.567344831622218 1.53752857633191
0.348678159440446 1.30102570206304
0.454516097715099 1.28486637700877
0.460582941637612 1.34386886509798
0.650064660807836 1.26120716854563
1.01301466618587 1.58790705927912
0.343687187833119 1.43258960894966
0.36050026090867 1.28310609352852
-0.131957787425949 1.00720604729181
0.706327020214803 1.4090623156668
0.478782001778697 1.33882694485794
0.54808955850107 1.33817471819844
0.468797345216499 1.28979452898791
0.713256885793545 1.29841045805782
0.309870062254221 1.25417117384163
0.780691856912198 1.24639455862354
0.804979944926354 1.53459897246434
0.0197481300949962 1.10667248728523
0.491946182067248 1.11798840170051
0.46716432533741 1.15133872341176
0.507031306990732 1.46061253275539
0.717036843621078 1.31008729576301
0.496853621345515 1.23182036022879
0.310883513085879 1.14791319492856
0.932645517388838 1.4008239088958
0.585827555931246 1.41441927193942
0.00827532915759122 1.11807939004059
0.661196392640218 1.53513376024629
0.434301844294509 1.21203325902606
0.437014351514923 1.25410732131954
0.203155334574169 1.04294412258737
0.77394593878781 1.48788079508021
0.41898647174389 1.28173786364063
0.318034644801709 1.1607393330719
0.293431375719956 1.32429813245346
0.48219194938978 1.25900762043233
0.625660374790886 1.41090392660842
0.471548512972586 1.2820104137784
0.0592612882586409 0.997080941576576
0.420824950580212 1.1565085784485
0.3357389973675 1.23122251832966
0.602709729601242 1.43624953905855
0.719593307683182 1.43674542341417
0.309865084104635 1.12429830981186
0.911564473517171 1.50042100835584
0.497948269278765 1.30049488535121
0.153523139097117 1.22190677208973
0.504393284603567 1.33725349439261
0.374557139335023 1.29805859252822
0.645251602115857 1.3402015919067
0.646927879073348 1.32513962477001
0.915104238127763 1.68442187407992
0.963858559735112 1.55798137145335
-0.0526483307454677 0.897776348171975
0.520968202644789 1.23317995896931
0.6817954912646 1.30444527395691
0.558569913684465 1.28976205312238
0.519247392122661 1.36113813917165
0.566031494449713 1.35587305456023
0.424218014768118 1.26830850515106
0.3551643479341 1.36005677212394
0.634612907160134 1.3676600660282
0.969118606377714 1.61241107042531
0.135627229691418 0.928235437252258
0.634274771510414 1.42695653602233
0.760100380156185 1.37484396017836
0.400841944692158 1.175813415108
0.388657818917789 1.2459834683624
0.502360217714703 1.13137463924081
0.432517660839671 1.18701515468769
0.328097191085138 1.16966893102005
0.0742090313615779 0.970835981329445
-0.112062670512866 0.770410468870737
0.0836948362906599 1.11533460824752
0.620026399349217 1.40665117446645
0.869908054536845 1.4400272809466
0.543029724174794 1.23413008353506
0.337541258972332 1.4078237327159
0.723614259141735 1.45522325167787
0.431968830449023 1.33941445362981
0.373514936995347 1.21319707298763
0.63190310457455 1.34418067280638
0.167129915367065 1.30832590045215
0.850980943250214 1.50461573878915
0.50065525424705 1.26706464643243
0.377525539839538 1.18917744314546
-0.0473056144718275 1.22761543036232
0.323637080016909 1.26352271374088
0.267744254213168 1.11696461573282
0.129387255075049 1.08646933390632
0.76047277653367 1.62979787288544
0.417780441163576 1.23629450881951
0.890378837132015 1.53188160930613
0.566901980732312 1.40739979845483
0.511044013487072 1.21508755478701
0.509982188941212 1.5045044387994
0.790069870215804 1.48075800924439
0.912904248436914 1.38226736953898
0.805814991567602 1.56533905343429
0.0818508441196303 1.19089361255169
0.593157362375803 1.58211582633011
0.321557490894432 1.32682416908422
0.864324541302514 1.42198123131402
0.585827519925432 1.47992775919903
0.373030139402176 1.33112861401876
0.334582599135766 1.18244929290663
0.312899394493636 0.984614156005548
0.579975602306807 1.44297897203679
0.622085146067113 1.36176444696861
0.871337075826762 1.45185241989804
0.701059276189678 1.36466237926652
0.371630232726327 1.22814126474506
0.690542539167406 1.36124715100316
0.67813067436945 1.30479863974405
