0.775007896271613 0.655765195290815
0.139551144776079 0.113379197466073
-0.986068163949183 -0.564205536731065
-1.25231899977132 -0.932294681685393
0.137140717595837 0.0657940786535558
-1.94472611775657 -1.67267215379501
-0.275570500699571 -0.370885330783167
1.86793705806505 1.29450611200708
-2.11119062705228 -1.35396355151216
0.628366210067794 0.321956415461431
-1.27111490453808 -0.818011550564835
-0.559326746455809 -0.466721771440043
-0.718927571404443 -0.542867629114831
-0.550542307708225 -0.363519679179174
-1.2941582130081 -0.959520745726875
-0.584038435487447 -0.456725502318256
1.8176238693018 1.17877222525424
-0.0246916103586283 0.0847677767137546
0.461053471998695 0.20063931350065
-0.949951552732802 -0.479545390908777
-0.759187468784151 -0.435778480130395
-0.0279220043173992 -0.0952324051939919
-0.428058691543828 -0.254405829697671
-0.435903822990083 -0.500533249120181
-0.569334595757648 -0.417159086084441
0.571373379632286 0.43471393688572
-2.05860254545321 -1.46880899274183
1.06169054473 0.659883139007289
-0.108556564544071 -0.0444952984743973
0.522673435988555 0.266079613368005
0.826719323341273 0.749720237970004
0.255165781144834 0.21439198363993
-1.77821014138861 -1.12355343541791
0.942717738243878 0.556239312110977
-0.544641404506048 -0.351316051457226
-0.16339879020225 -0.0500821987870987
-0.105192639924181 -0.10397538398933
0.895785413637917 0.704210782191731
0.101338817045349 0.131742481628159
0.30348913697453 0.0895539732184299
-1.6671985177328 -1.16633038523091
-1.68953453725082 -1.05737665637452
-0.172340759780631 -0.265825884584658
-0.126991343567793 -0.0886042030097869
-0.229103436942365 -0.38062011992138
0.885005222517758 0.733401042592408
-1.6152044170031 -1.11599793570262
-0.328527971233492 -0.293443320967935
0.15709623621091 -0.0605876430829148
1.64828791395833 1.20832244931622
-0.419398477642041 -0.356573578210256
-1.44175467637096 -1.11867687999945
0.737363985821715 0.409887566629754
-0.0306367068214504 0.0372777667918682
0.20846798318995 0.0876005956132141
-0.085422730551541 0.0952586238523989
0.350460388939563 0.189593196355402
-0.708997502683709 -0.395707365871347
-1.11884635135025 -0.844952730371268
-1.19853069289941 -0.95827312127298
2.09758005959751 1.53817985343921
-1.02835162659872 -0.719379831765124
-0.557126521709294 -0.424514912430334
-1.54552730140596 -0.886132892875272
0.76248154376652 0.578004027970774
-1.0457247496478 -0.789418001927402
1.55321421968981 1.08769744270927
0.629920407862491 0.404881889495855
0.472020836002944 0.578911245229208
-0.1880286163215 -0.0464395551019421
1.74479793050095 0.999062674803076
0.670864488890082 0.296873374892434
0.806271572557149 0.550400838220054
-1.35137555832939 -1.01486101402862
0.532974313611801 0.50841883966142
0.262077832286806 0.288752327973645
0.543878535483558 0.425995541042495
-1.43417214412792 -1.01592663121539
-0.487021712919968 -0.270684228149381
0.54563365469433 0.184206471439001
1.75290073950574 1.35296423978345
-0.481848570243828 -0.294489263033387
0.300544084503036 0.222296981210096
-0.858203206306101 -0.587655845579889
1.32600416588505 0.933157120145008
-0.832422211189287 -0.579248504124376
-0.956585288215814 -0.736766286927859
1.51382088681815 0.935398145892945
1.30866079718803 0.859220507775759
0.0202703728745783 -0.24122635652299
-0.69332610822371 -0.574026788823923
0.427807440930173 0.301234778087901
0.474367323308177 0.169157138566731
-0.0734360427765229 -0.10733466862578
-1.52068711288734 -1.0653002205129
-0.000622686159053815 -0.0159773423827841
0.829648827935832 0.605733904189825
0.605673108302579 0.393905453864521
0.269461285386643 0.298236035980757
0.0283144030729481 -0.00754321629217879
0.284908852411246 0.245094689570188
1.11327357362417 0.721405653507267
-0.844235195880217 -0.641784293840045
0.15089376630394 0.253310706833762
0.293941257138985 0.147390284434522
-0.902004309649674 -0.51788543850681
1.43299118249419 1.05648225138913
1.16130164825572 0.638973953911268
0.180699805661906 0.10570774475857
0.0472647124173577 0.108002187095441
0.195398143484577 -0.0167815872890679
-1.74999961492961 -1.28070717666014
0.792339319653332 0.661180858203784
-0.406987374919862 -0.355120107725608
0.171282727628939 0.10112914882728
0.895427507131245 0.601651027636436
-0.655190100873299 -0.353226356847355
-2.91867330480541 -1.83699695052413
-2.27839816480394 -1.50472462175037
-0.259885579968439 -0.118678187824658
-2.00282837253909 -1.30875072474437
-0.985798203023007 -0.70883918801524
1.36503544673457 1.24331300161022
1.54626177591481 1.29281632711596
0.146726083592929 0.122500324687497
-0.768155008262625 -0.518648312621588
-1.14306781402149 -0.883618174714251
1.99004708085438 1.39223675918973
0.422067559357666 0.323777426614751
1.41834380851512 0.789134626742525
0.245752055014407 0.00861721812246855
0.505644968405266 0.364542348245663
0.253275705231624 0.13614679940593
0.752044823838202 0.562804735919711
-0.982347754224561 -0.463591630174466
1.32547844545633 0.994990134366086
-0.397519474371262 -0.440910354757444
-1.40693099571452 -1.05948571560096
-0.506641231892565 -0.413783773898189
-1.44814737505883 -1.0455221219194
-0.330201376309576 -0.25825697871567
0.307923258815733 0.224366272095865
-1.38630429105398 -0.962032261774727
-0.0569974801753272 -0.0967085862350392
-0.118210414488594 0.173071569697867
0.660587735089024 0.475145761357286
-0.153336502974225 -0.0427859650563137
-0.51867599755254 -0.546609755287876
-0.781069892744396 -0.638697444806748
0.0453771893093751 0.110784939918719
1.39634552282158 0.775723433514413
0.122372957251591 0.0931051647091901
0.598138033202628 0.464073139903447
0.298907331468042 0.214534332319936
-0.527354138265906 -0.301228803253586
-1.54237883656999 -1.10170009314873
1.23940640060291 0.671842079855727
1.05370095354859 0.824652449756805
0.504987072501035 0.351993610384827
-0.630614716585437 -0.676910767208801
0.593876088326494 0.389368387911678
0.438380084199411 0.338208604820114
-0.677532292123246 -0.582912111225631
-1.53976393236058 -1.10338351808474
-0.641162922724003 -0.343407039313036
-0.142830769215179 -0.17692001408313
-1.56744556281504 -1.10213862735492
0.209438958922485 0.00940549551899427
0.635945500859674 0.555370529775897
-0.446717243530073 -0.225797214601858
-1.91266259730935 -1.34638542028254
1.48226752651172 1.03519955682
1.89764031039217 1.27799900978959
-0.564846485155144 -0.342941203744831
0.27775561426432 0.0922436796429597
0.637054281731176 0.436677529295558
0.509394622614408 0.384999919150845
-1.39276170720215 -0.943564394482144
-0.651288589216832 -0.458393050369401
1.16835777150351 0.95158458033036
0.443716730457061 0.356372411489043
-0.145708563840693 -0.0824239901705952
-0.435685398942811 -0.470530947133941
0.304083171534702 0.351769392217686
-1.29073183638025 -1.01160537506191
-0.487676484108384 -0.423448575477887
0.385980164143568 0.357729511346536
0.757985026554043 0.51497108925144
-1.45864649992559 -0.884342981576475
-2.5365217967721 -1.74337164622853
0.505322311168216 0.375023353219497
0.0845328570694897 0.066082170295953
-0.721493491942057 -0.391033547705934
-0.44367198315669 -0.202071284229845
-1.40116378463276 -1.11103187442199
0.918113524979176 0.544606878945405
-0.862740840295426 -0.807333769972605
-1.07933907599665 -0.845299547140863
0.480027439741487 0.279748533639759
0.0138687859182268 0.094399248198616
0.875284967578066 0.825400869545159
0.446936303960274 0.359357404518029
0.437849114311063 0.376401710141423
-0.24165381860718 -0.0670277701474956
-0.134084550695016 -0.0889218858853041
-1.22320102859473 -0.790776097073347
0.337117972564952 0.137668053722302
-0.477929496232495 -0.375552529045517
0.0241450123473201 0.0208544732928696
0.284175995211769 0.214339632973801
-2.06345374963991 -1.25632783547707
0.574235980104736 0.490987485751029
-0.39617491223757 -0.365615397162651
-0.325861838788404 -0.373359122479221
-0.782872755166992 -0.524301609374962
-0.635191142494963 -0.507576511048838
0.16273609096456 0.0960320911320641
0.347909274947593 0.296456213120831
-1.58158240651042 -0.935640212286593
-0.449948962198607 -0.175376292770592
0.583785650394726 0.395116313925694
-1.4298469127617 -0.811613405417591
-2.54875249708734 -1.91543942470735
0.473919225825565 0.286148242515454
-0.324270403690405 -0.310918182679715
-0.502961710969662 -0.30878252552708
0.585980787695881 0.257504197209995
0.837463236266631 0.573098632583043
-0.0813687209191447 -0.0122396852319332
1.12659880450375 0.866618070362051
0.425119675054778 0.272050922805034
-0.645947660295687 -0.339644621636665
-1.95830438287433 -1.3578041950211
-1.00524197937669 -0.699144755723529
0.705670075202683 0.528093253616633
-0.693391748640761 -0.436888704914758
1.80902928598376 1.23610138757005
1.36838527280239 0.974614551201198
-0.983185063338326 -0.6646485415015
0.547146145640908 0.413901291278173
0.774410383162342 0.597994949979889
0.0907906314249892 0.0463710837750064
0.468713562279476 0.441350469556166
-0.864304333049184 -0.4946481062339
1.94212405478273 1.41244362683255
0.647276087885694 0.487469364965261
-0.858454260335555 -0.582198102592824
0.250392956532792 0.292108542487935
-0.256365245805364 -0.288765015699549
-0.496682717941353 -0.457108753418826
0.0397457511056805 -0.12479384454722
-0.460361335275063 -0.281602824038679
2.29536766727817 1.56964563411981
1.39326419989384 0.930522975631856
0.196106900889578 0.252455133822541
-0.575041649014259 -0.421543050789959
-0.172458464755421 -0.0187546210764107
1.43625267967293 0.884253550590134
1.27304450144809 0.799291494701977
-0.505930872850124 -0.205477217892986
-1.62902714628295 -1.30626048464732
-1.5944797802856 -1.02724194061963
-0.28749962809646 -0.159347505747182
-1.37256496740873 -0.780168723826934
0.483947520146173 0.285352671285918
-0.185224542448573 -0.362075741548568
2.33925725849639 1.54033773119728
0.905878977504042 0.565416336758728
-2.00966095428933 -1.27785088233174
-0.0505873352664776 -0.0552513526377309
-1.41737137740525 -1.11197777493142
1.04770258575655 0.665589495676459
-0.522431466300397 -0.47429909835585
-0.901145113400627 -0.607056827531375
0.213922854744898 0.117844259115103
-0.171126740496077 -0.360615689615486
0.803480821177912 0.433542557099007
-0.389525962171813 -0.14044731101319
-1.74466288317376 -1.51536377278902
-0.424581659923447 -0.284702454200414
0.325108782312052 0.217744980869647
0.875004500700431 0.692869700396281
0.47386060588192 0.336488846968088
-0.852115408997672 -0.477930496383981
-1.55131047183692 -0.962655284560156
-1.6924354042417 -1.34038216808669
-0.196675159652032 -0.160583224113329
-0.527921437534356 -0.166201634689013
-0.579525526489001 -0.192060315840359
-0.899593584657603 -0.628478073318006
-0.150172367983357 -0.202404593784993
-0.314555208350744 -0.261929708040278
0.871680420747119 0.806774014987422
1.23935942943299 0.829073016835297
-0.799373598953233 -0.450456534631936
0.178564587199794 0.411292641220505
1.49300574583226 0.950379475658779
0.883332340223017 0.594224335210101
-2.09690140810211 -1.37400753341856
-0.803847699224638 -0.583384394219286
-1.92324338589888 -1.11258575826281
-0.00550783207700438 -0.000865164452423432
0.138919028465161 0.172654044457791
-0.227811767105731 -0.0545221705071418
0.617560986335641 0.356452872172444
1.16575715146523 0.729927369371295
0.349421348891013 0.0400899034603304
-1.4029020814066 -1.02008881801462
0.480851447518517 0.316514099967422
-1.18742195580997 -0.801227930707645
-0.805739515101842 -0.604091789250233
-0.394378573558306 -0.187191379441029
0.299042006865537 0.0659601249302501
-1.69217827277623 -1.30850229876133
1.13561251803524 0.74985150850687
1.386141146904 1.09639328963101
1.03617984234033 0.769857729143164
0.000372706154401404 -0.0338735316240521
-0.170482453291821 -0.209816604646557
-0.125356583436368 -0.124366677003668
-0.552378904729798 -0.436798515932781
1.00717809149519 0.697561357390294
-1.8944407581604 -1.15923502906269
0.409325397416537 0.32964824332182
-2.11697013706853 -1.46175398927736
-2.23097876993211 -1.63125799781124
-0.309655534124122 -0.13851464691664
0.221242124902219 0.00764982118586748
-1.57195264076415 -1.2121139995044
0.0456511232113973 -0.0459708299927579
-1.87451817587054 -1.45509930876878
-0.229004256701321 -0.185745597352955
1.01256954349653 0.557799040202751
-0.0264874823749563 -0.143942588014274
-0.238903091722074 -0.156862350889317
-0.524411264222807 -0.321834375877212
0.708760457502403 0.456740946029021
-0.00725557453206426 -0.0522112017287669
0.408643791819479 0.14741362083019
-0.297807363997028 -0.0683428755285035
1.26872827213612 0.969110663836541
1.43756906721124 0.999235568063479
-1.40614949017106 -1.06127023360449
0.214175507035694 0.091568359423781
-0.420462100679535 -0.135999376418373
-1.7369176148937 -1.17383204036695
-0.813772752384702 -0.555815467056421
1.6270644373796 1.08328171132892
0.393206104902597 0.327910435560005
0.961516687837297 0.678982577340271
0.112358732615154 -0.000604851663489768
-0.711128036310959 -0.609112996783153
-0.309468106961174 -0.201609414307004
-0.0775492027631443 0.037085267938791
1.98619032306472 1.45878336343874
0.585305607865407 0.471441266385516
1.8784907855148 1.21461446298221
1.07168004705193 0.82218898127389
-1.11406462870758 -0.755229041261874
-0.115100830741381 -0.152895592380451
0.541724029732023 0.331537312538155
1.22011684828689 0.875663074623071
1.24692024751206 0.840797136196856
0.915298833870752 0.623195003202818
1.59008217169252 1.05725561622172
-0.224322087666601 0.035498324705872
-1.99045738909098 -1.35641293765919
-0.790429125612693 -0.503377158036719
-1.42482590650584 -1.17785853656759
1.04430936724653 0.757779884769101
0.169366179564628 0.0339220372761926
0.63037443448596 0.491550652706601
1.47337506883162 1.0372812437259
0.650594358098682 0.455337286694229
0.302248771702506 0.190838018908052
0.572165863517739 0.15413530768246
1.07417350870006 0.656986893295505
-1.67598555951019 -1.08045522852429
-0.456660508839799 -0.39715451984804
0.493235406209255 0.478950616603404
-0.295243954645267 -0.0824072901050035
-0.373755946325759 -0.355503676318305
0.343789418615447 0.199579900073047
1.20341164443594 0.790971999116891
-2.6189308141086 -1.94941235963102
-0.654229001421206 -0.544047869002403
1.23468660949174 0.919741141214908
-0.468458081660293 -0.16553461095578
2.41929326457906 1.61725285548401
-0.50910981370287 -0.427924638606345
0.14204693383378 0.124758582957692
0.116037514659808 0.116113711960309
-0.635368219604507 -0.425114987903742
-0.77080988055934 -0.61301684037427
2.04857860817692 1.46758540051278
0.451543308249573 0.402433198957772
0.121540332152859 0.000103667061524942
0.254743291714663 0.170536272905658
-1.0993271479206 -0.721663520852291
-1.46304442164216 -1.13647482002142
-0.922297575296343 -0.546060567306685
1.30277568930092 0.875768030662306
1.29311988158461 0.81259587023531
1.20543344357773 0.818123900844053
-1.5176095060259 -1.16614867334377
0.675092444324401 0.433865341782852
-1.66993256947169 -1.1230738490131
0.400172833089659 0.221880235400241
1.43473476714705 0.861648876962437
-0.660978730056539 -0.318757334968842
-0.89876586746987 -0.562581819080528
0.588149729706998 0.44733796284993
0.28566468209649 0.223264045777402
-1.27299187401245 -0.797377139054258
-1.17678905015319 -0.928409545844279
1.1404761258987 0.809106648197168
0.190141182502912 0.135534898280902
-1.50809994284649 -1.16210803038695
-0.338898687411884 -0.339661465498552
-0.471649402507432 -0.418271053911851
-0.344469626827454 -0.261898726499802
-0.512974874667142 -0.427927980566493
0.949207028836385 0.547443357291045
-0.157389927786599 0.0790263558511496
0.356733045501833 0.174925122114455
-0.154930210606502 -0.121626130341297
-1.73934536018616 -1.24699158494803
2.02884800900948 1.44890867472363
-1.93049898266758 -1.32258958019915
-0.879829684125505 -0.577585643685701
1.88349533399477 1.54539502701596
-2.17303000727489 -1.3714015989951
0.904455041546771 0.700745158748215
0.29300871504238 0.130526515060893
-1.01844001339551 -0.846139771834394
0.793949721973038 0.446810950306524
-0.920510464040972 -0.709128068124108
-2.12585315664681 -1.4349595601927
0.453646360861222 0.354664014286276
1.48367735765825 1.14621113516924
0.304621244744783 0.236854108915554
-1.04040017048742 -0.809990367119255
-2.72883762402166 -2.02004756717203
0.378313536050734 0.301475270748967
-0.0147094780118593 0.0344301962852979
1.17119800940685 0.774825730357213
-0.410321177152513 -0.325082492641916
-1.09416670087193 -0.656129480847607
0.0708173606035369 0.0623266725619301
0.404172939885226 0.0637430782233927
0.602175420975978 0.45598676343798
-1.36827975369576 -0.951072940092594
-0.22319833480424 -0.111700305677143
-1.35225880559407 -0.811505876997462
-1.31406149773556 -0.883329958909961
-0.816709342708289 -0.674137667752186
-0.057428157120691 -0.0635634783292282
1.50935621145007 1.12765671083925
0.4719041049786 0.262183630981098
0.277956266700034 0.254933072598219
-0.301995017943855 -0.247372879100837
-1.47073228764985 -1.1079594833854
-1.61072800380961 -1.04259005748828
-0.727490973038583 -0.50569457474174
-0.971158770507747 -0.719161017471183
-2.21846486087074 -1.55772110191008
-1.25816056547387 -0.947772913726917
-1.61122840608555 -0.847347947962009
0.742362006342629 0.467584943415519
0.520184143891357 0.299660507557527
0.750242553864223 0.500412766268047
-0.747530707327478 -0.605603985781268
1.21601199482899 0.912599835424127
-0.543464978731973 -0.362269194475383
-0.194575067333451 -0.102053817030585
0.365005701284206 0.260026448953573
1.38167046227655 0.952584945407361
0.536686858478173 0.463486883005319
0.834934325037983 0.602043508282328
-0.643039645943802 -0.461979365728429
0.874538150397498 0.703402862383914
0.685652517304055 0.418496137012843
0.462087434899251 0.386217049036741
0.591452197683466 0.406614523606301
-1.1352255748461 -0.656596218576129
-1.67053251612103 -1.21892271928416
-0.618722325948687 -0.495608640805975
0.436208264031803 0.573704280797581
0.980707101672712 0.785728167419998
2.48815554406193 1.73392025159122
0.756427864295075 0.600564144562556
0.335823018249153 0.274373773118722
-1.23391154373576 -0.852609499178015
0.923568144235542 0.491795190594099
-0.169071431458758 -0.0405274798654288
-0.544801543738926 -0.23748650456579
-0.211495827808142 -0.124412725436372
-0.0819373871746268 0.0180648164885712
-1.90821052964619 -1.47197844862049
0.277114835408951 0.211350982268762
