0.5795 0.5599
0.5070 0.4848
0.5911 0.4629
0.4990 0.4833
0.5628 0.4988
0.5731 0.4852
0.4950 0.5164
0.4527 0.4265
0.4275 0.4676
0.5388 0.4436
0.5127 0.5851
0.5731 0.4739
0.5477 0.5307
0.5178 0.4258
0.4281 0.4449
0.4602 0.4370
0.5275 0.4383
0.4158 0.4922
0.4884 0.5912
0.4288 0.4562
0.5031 0.4991
0.5468 0.4865
0.5890 0.5391
0.5004 0.4778
0.4191 0.4985
0.5441 0.4340
0.5167 0.5291
0.4843 0.5137
0.5212 0.5097
0.4694 0.5617
0.5429 0.4150
0.5729 0.4736
0.5163 0.4220
0.4801 0.5247
0.5950 0.5088
0.4824 0.4842
0.5107 0.4683
0.5925 0.5147
0.5708 0.4525
0.4808 0.5228
0.4650 0.5565
0.5493 0.4865
0.4444 0.5174
0.4689 0.4592
0.5322 0.4704
0.5849 0.4934
0.5831 0.5511
0.4895 0.5232
0.4860 0.4918
0.4593 0.4518
0.5061 0.4296
0.5910 0.4733
0.5760 0.4397
0.5628 0.4472
0.4220 0.4754
0.4695 0.4598
0.4587 0.4224
0.4404 0.4768
0.4443 0.4176
0.5317 0.4636
0.4985 0.4496
0.4402 0.4771
0.4281 0.5028
0.5528 0.4574
0.4748 0.5490
0.4197 0.4772
0.4777 0.4273
0.5109 0.4590
0.5375 0.5816
0.4550 0.4633
0.5016 0.5521
0.4929 0.5253
0.4268 0.4484
0.5153 0.4698
0.5416 0.5275
0.4416 0.4391
0.5946 0.5036
0.5153 0.5412
0.5714 0.4630
0.4973 0.5681
0.4304 0.5175
0.4985 0.4997
0.5671 0.4966
0.5270 0.5019
0.5700 0.5703
0.4902 0.5990
0.5949 0.5145
0.4665 0.5244
0.4241 0.5551
0.5611 0.5552
0.5591 0.5436
0.5452 0.4672
0.4188 0.4495
0.4916 0.4301
0.5578 0.4848
0.5463 0.5491
0.4327 0.5614
0.4253 0.4548
0.4836 0.4243
0.4680 0.5640
0.5199 0.5351
0.5260 0.4651
0.4333 0.4459
0.4740 0.5050
0.5638 0.5135
0.4418 0.5034
0.4922 0.4948
0.5994 0.4959
0.4518 0.5509
0.5023 0.5001
0.4802 0.4849
0.4660 0.4261
0.5400 0.5532
0.5455 0.5650
0.4696 0.5777
0.4765 0.5212
0.4279 0.4878
0.4934 0.5397
0.5414 0.5593
0.5033 0.5728
0.5224 0.4734
0.4069 0.4927
0.5224 0.4800
0.5465 0.5747
0.4377 0.4668
0.4967 0.5576
0.4327 0.5497
0.4744 0.4652
0.4602 0.5352
0.4913 0.5828
0.4354 0.4738
0.5646 0.4362
0.5832 0.4681
0.4820 0.4664
0.4971 0.5256
0.4843 0.5432
0.5650 0.5734
0.5772 0.5628
0.4417 0.5222
0.4231 0.5127
0.5339 0.5876
0.4167 0.5036
0.5000 0.4917
0.4272 0.4495
0.5233 0.5221
0.4536 0.5464
0.5242 0.4275
0.5293 0.5879
0.5301 0.4113
0.5516 0.5726
0.4793 0.4821
0.5143 0.4854
0.5383 0.5786
0.4459 0.5120
0.5764 0.5608
0.4573 0.5336
0.5604 0.5658
0.5608 0.4458
0.5689 0.4541
0.5304 0.5124
0.4951 0.5747
0.4986 0.4433
0.5439 0.5679
0.5604 0.4789
0.4460 0.5449
0.5605 0.4460
0.5776 0.5603
0.5143 0.4139
0.4712 0.4326
0.5245 0.4586
0.4898 0.4319
0.4331 0.5627
0.4235 0.4924
0.5365 0.5508
0.4652 0.5430
0.4196 0.5291
0.5620 0.5168
0.4654 0.5459
0.4960 0.5201
0.5287 0.4566
0.5952 0.4915
0.5779 0.4739
0.5202 0.5487
0.5481 0.4547
0.5290 0.5259
0.5042 0.5885
0.5616 0.4669
0.5750 0.5003
0.4227 0.4896
0.5400 0.5846
0.5700 0.5276
0.5011 0.5612
0.4765 0.5408
0.5540 0.5817
0.5627 0.5503
0.4995 0.4413
0.4586 0.4323
0.5893 0.4782
0.5366 0.5300
0.5484 0.5696
0.5654 0.4379
0.4219 0.5609
0.4702 0.5886
0.5510 0.4885
0.5654 0.4865
0.5046 0.4997
0.5045 0.5102
0.4658 0.5883
0.5131 0.4370
0.4660 0.4364
0.5521 0.5608
0.4993 0.4904
0.5127 0.5026
0.5130 0.5075
0.4963 0.4510
0.5647 0.5571
0.5769 0.4394
0.4652 0.5805
0.5412 0.5507
0.4201 0.4747
0.5030 0.5371
0.4305 0.5226
0.5520 0.5613
0.4947 0.4206
0.5455 0.4731
0.4631 0.5013
0.5850 0.4806
0.5618 0.4928
0.4666 0.5587
0.4441 0.4193
0.4199 0.4708
0.5616 0.4413
0.4716 0.5016
0.4947 0.5718
0.5122 0.4380
0.5962 0.5164
0.5223 0.5534
0.5059 0.4125
0.4606 0.5160
0.5574 0.5774
0.4819 0.4225
0.5407 0.5801
0.4793 0.5532
0.5217 0.4947
0.4343 0.4515
0.5569 0.4760
0.5864 0.4828
0.5400 0.4591
0.4203 0.5388
0.4901 0.4628
0.5214 0.5090
0.4356 0.5093
0.5098 0.4187
0.4458 0.4288
0.4287 0.5614
0.5281 0.4254
0.5292 0.4937
0.4797 0.5478
0.5526 0.5600
0.5329 0.4508
0.5524 0.4898
0.4820 0.4892
0.5218 0.5415
0.5786 0.5104
0.5387 0.5204
0.4204 0.5515
0.4473 0.5512
0.4128 0.4626
0.4491 0.5838
0.5361 0.4095
0.5714 0.4334
0.5753 0.5358
0.5316 0.4054
0.4140 0.5411
0.5402 0.4565
0.5336 0.5511
0.5216 0.4921
0.5730 0.4394
0.4208 0.4758
0.5286 0.4772
0.4270 0.4809
0.4211 0.4434
0.4683 0.5833
0.4945 0.5349
0.5589 0.4876
0.5861 0.4929
0.4518 0.4605
0.5322 0.5431
0.4478 0.4311
0.4456 0.5574
0.5288 0.4208
0.4359 0.4818
0.5802 0.4723
0.5282 0.5069
0.4669 0.5016
0.5597 0.5115
0.4153 0.5090
0.4416 0.5127
0.5887 0.5035
0.4607 0.4948
0.1680 0.2161
0.1684 0.8423
0.5141 0.0519
0.8934 0.2280
0.7256 0.9231
0.4610 0.0548
0.2883 0.0549
0.6742 0.8875
0.8869 0.6216
0.8229 0.7732
0.0204 0.6180
0.9041 0.3726
0.8454 0.1792
0.9452 0.3646
0.9097 0.4463
0.5913 0.9422
0.9208 0.3411
0.3428 0.9126
0.0793 0.7441
0.0992 0.6741
0.9920 0.4912
0.9642 0.4665
0.1946 0.7922
0.9400 0.5646
0.7658 0.1574
0.8769 0.3089
0.1101 0.7842
0.7676 0.8359
0.0474 0.3395
0.3919 0.9736
0.7499 0.8470
0.9252 0.5754
0.6239 0.9571
0.7683 0.8040
0.2374 0.0779
0.7347 0.0969
0.3441 0.0420
0.9486 0.3468
0.8565 0.3107
0.3428 0.1190
0.0824 0.7507
0.7186 0.8513
0.1739 0.7605
0.8553 0.2806
0.1494 0.7952
0.1274 0.6764
0.5656 0.9564
0.3511 0.0693
0.9056 0.4641
0.2672 0.1617
0.8906 0.6521
0.8971 0.6984
0.8486 0.2025
0.2516 0.9261
0.0674 0.3719
0.6906 0.8667
0.7234 0.0707
0.6560 0.9094
0.5049 0.0904
0.9823 0.5726
0.9009 0.2752
0.8432 0.1912
0.3061 0.0640
0.6409 0.9341
0.7090 0.8823
0.3503 0.9726
0.2263 0.9032
0.1661 0.1404
0.2064 0.1773
0.0779 0.4019
0.5965 0.0734
0.0393 0.3541
0.0482 0.7044
0.2920 0.0663
0.5172 0.0028
0.0792 0.7215
0.3668 0.1115
0.4315 0.9918
0.4497 0.0340
0.5603 0.0362
0.0592 0.2872
0.0515 0.6589
0.3775 0.0524
0.8729 0.7695
0.7740 0.9018
0.5211 0.9523
0.9520 0.5813
0.3778 0.9705
0.0634 0.6400
0.0811 0.3574
0.2240 0.1045
0.4871 0.9732
0.8111 0.1473
0.3519 0.9659
0.9850 0.5969
0.3067 0.8601
0.1184 0.6908
0.9482 0.3432
0.1699 0.1452
0.3465 0.1025
0.5155 0.0401
0.5379 0.0213
0.9521 0.4940
0.1121 0.7347
0.5253 0.9762
0.1754 0.1279
0.1131 0.2413
0.2781 0.8893
0.0574 0.7265
0.1755 0.8130
0.4395 0.0546
0.0500 0.5837
0.6683 0.9062
0.8305 0.1856
0.3628 0.1034
0.1093 0.2709
0.1921 0.8149
0.6934 0.1492
0.8044 0.8696
0.9548 0.4568
0.8553 0.7879
0.9962 0.5343
0.1328 0.8319
0.8293 0.8541
0.0451 0.5791
0.2401 0.1023
0.4003 0.0239
0.7089 0.8482
0.3743 0.1103
0.2758 0.8699
0.0371 0.4122
0.1131 0.6285
0.9399 0.4316
0.9558 0.4017
0.1000 0.6587
0.1270 0.2911
0.0190 0.4985
0.0909 0.4978
0.2672 0.1245
0.8218 0.2586
0.1061 0.3167
0.4952 0.9288
0.6908 0.1176
0.4430 0.9950
0.4035 0.0381
0.8391 0.7167
0.0957 0.4747
0.9229 0.5992
0.1320 0.6895
0.1379 0.2088
0.8984 0.4550
0.9331 0.2767
0.4161 0.9757
0.9185 0.7711
0.5250 0.0760
0.0765 0.6910
0.1906 0.1180
0.0696 0.7523
0.6619 0.0864
0.4369 0.0655
0.1214 0.6400
0.5674 0.9179
0.0871 0.7046
0.1772 0.7612
0.3127 0.9425
0.4888 0.0819
0.8881 0.2633
0.8450 0.7525
0.9694 0.5596
0.0781 0.5599
0.5966 0.9649
0.4488 0.0518
0.0650 0.4549
0.3753 0.0997
0.7341 0.9101
0.4178 0.9147
0.9421 0.3377
0.6453 0.9657
0.6231 0.0216
0.2439 0.0816
0.8772 0.7928
0.9374 0.5701
0.7822 0.8232
0.8467 0.7817
0.5625 0.0077
0.7790 0.8467
0.8668 0.1999
0.4526 0.0244
0.7360 0.9140
0.4987 0.9816
0.9068 0.3699
0.2051 0.7890
0.1094 0.6026
0.0977 0.6157
0.5770 0.9241
0.7128 0.0923
0.3445 0.9270
0.4711 0.0425
0.0607 0.2841
0.2657 0.9013
0.3861 0.0213
0.5941 0.0991
0.1390 0.1622
0.1119 0.2329
0.8127 0.8318
0.5175 0.0626
0.0592 0.5646
0.2899 0.0568
0.8619 0.7742
0.5084 0.0799
0.5552 0.9247
0.7916 0.1025
0.0876 0.6709
0.4871 0.9964
0.6563 0.9041
0.8304 0.8510
0.7255 0.9448
0.2920 0.8593
0.9469 0.5981
0.2989 0.0537
0.8202 0.7746
0.4970 0.9103
0.7642 0.1652
0.1186 0.2105
0.9650 0.5057
0.1592 0.7377
0.1168 0.7518
0.8688 0.3297
0.0567 0.3402
0.8947 0.7222
0.6597 0.9366
0.4728 0.0321
0.1256 0.7900
0.6101 0.9597
0.0955 0.4660
0.2188 0.1114
0.0972 0.3974
0.6335 0.1085
0.6211 0.9677
0.7378 0.8540
0.6236 0.9086
0.3604 0.0303
0.0612 0.4168
0.2711 0.1574
0.4050 0.9451
0.7779 0.1075
0.9012 0.3168
0.0847 0.7618
0.2598 0.1607
0.2052 0.1197
0.7740 0.2032
0.7407 0.1409
0.5601 0.9347
0.1022 0.2669
0.1309 0.7165
0.7053 0.9164
0.1374 0.7027
0.7340 0.1125
0.0784 0.6935
0.0168 0.5378
0.0511 0.3810
0.8394 0.8382
0.2606 0.1174
0.4027 0.8960
0.6620 0.9233
0.1230 0.6665
0.8912 0.2382
0.2350 0.9146
0.6943 0.0777
0.4002 0.0917
0.7476 0.8924
0.6289 0.1046
0.8489 0.1557
0.6289 0.9275
0.9371 0.6138
0.0930 0.7156
0.0756 0.6897
0.0678 0.5723
0.9003 0.5387
0.1697 0.1394
0.9340 0.3724
0.0976 0.3792
0.9598 0.4207
0.7115 0.0861
0.3726 0.0407
0.8703 0.7791
0.2708 0.1655
0.6606 0.8961
0.3965 0.9130
0.6298 0.0960
0.5051 0.9515
0.3562 0.0213
0.4057 0.0954
0.1915 0.1211
0.3845 0.0840
0.3606 0.0864
0.4088 0.8940
0.9340 0.4215
0.2072 0.1323
0.5229 0.0787
